-17.2881
-20.1978
-26.6988
-35.7695
-36.6024
-31.175
-29.1203
-30.7184
-35
-36.269
-35.613
-38.8943
-45.6017
-51.3376
-49.4282
-35.4271
-20.8383
-10.4823
-3.97657
-0.0575609
1.34465
0.366589
-3.00643
-8.32066
-15.4242
-24.8343
-37.722
-52.1906
-51.6545
-43.8006
-36.5313
-32.6783
-33.0347
-38.7463
-46.3446
-37.9519
-26.3107
-4.82198
-8.94719
-8.52014
-6.91456
9.21702
10.9486
16.2243
8.19748
16.3381
-5.27077
6.8892
-16.8611
1.19056
2.1191
4.49214
0.524495
3.34143
-3.23468
-1.74904
-6.73943
-5.13039
-3.8687
-11.8928
-11.2337
-16.4757
-1.24304
11.6213
20.3251
26.465
31.2026
34.0616
36.3109
39.0161
41.3409
42.4345
41.1198
37.9963
38.1252
40.1302
42.0432
40.2168
35.2679
28.8113
22.0849
14.4611
7.1826
5.9655
4.11789
-3.30697
6.21064
11.3548
11.094
5.95688
1.39463
-0.753301
-3.72569
-2.97817
-4.43464
-7.64445
-10.7586
-10.3521
-8.8346
-5.43926
-3.16124
-1.74669
-2.7517
-6.5594
-12.778
-23.2636
-29.4405
-18.9017
-13.9588
-10.0538
-8.89277
-8.55688
-9.93618
-10.2289
-13.4651
-17.2287
-26.7716
-25.6818
-25.6425
-25.201
-25.5154
-28.672
-34.1388
-38.477
-37.4717
-30.8805
-26.1749
-25.1174
-28.1603
-34.756
-40.9598
-36.557
-29.861
-23.3297
-19.0797
-17.8829
-15.5921
-9.79554
-5.14459
-3.99034
-6.19566
-11.8008
-20.4305
-26.2037
-24.538
-22.952
-23.3285
-25.3167
-27.6161
-27.9969
-28.0907
-30.1937
-34.239
-34.3476
-14.4792
2.33963
10.9353
21.415
29.3093
35.9936
38.7996
39.1879
36.9808
36.7183
36.4012
36.8916
34.3984
31.4142
29.6178
31.8438
34.1667
37.2913
38.2132
39.4428
39.0018
38.4287
37.7252
38.2939
40.1394
41.998
43.3047
44.3757
45.2222
46.1262
45.3823
42.9377
38.6062
35.9356
38.027
39.3514
37.0528
30.6136
19.8336
15.414
23.8967
28.2369
27.6318
25.0523
24.1695
22.2092
17.8544
16.1549
16.0435
13.9384
9.00029
1.3361
-1.39868
-5.42223
-10.6217
-14.0801
-8.76495
-3.52885
4.79612
8.24078
8.13906
5.9148
8.90524
13.8937
16.3153
16.5271
14.1555
8.73142
-2.4461
-19.1097
-20.0431
-16.5771
-17.5528
-18.7828
-18.9463
-19.7068
-21.3429
-22.912
-22.2036
-24.4156
-24.0775
-22.5565
-33.7583
-34.1768
-35.6737
-33.255
-30.8379
-30.6159
-29.9555
-27.9629
-27.4601
-29.7141
-29.8257
-25.4288
-23.1428
-24.8809
-26.8249
-23.5758
-20.5901
-21.5165
-25.9782
-30.5822
-29.0497
-25.9187
-23.4066
-20.0622
-17.6817
-18.4368
-20.9226
-22.4965
-22.5248
-24.1057
-26.8524
-27.3038
-25.2965
-24.148
-24.8796
-28.0633
-14.7287
13.2195
23.6398
34.8185
41.5526
45.8886
48.948
51.2598
53.1086
54.0357
54.3827
54.2388
54.0399
53.4993
52.9247
52.389
52.3561
52.0855
51.3191
49.1876
45.7558
41.1926
37.7307
37.6313
39.7119
41.2795
40.7941
37.4518
32.5037
28.1667
27.1558
24.7969
19.113
13.0629
16.4762
21.1326
24.002
22.6574
18.6019
19.2377
22.4156
24.7418
26.1099
25.2676
22.7802
19.2991
17.7021
19.5153
20.4022
18.7018
18.0319
21.0686
22.0449
19.8754
17.9264
21.5557
24.4745
25.7297
25.0495
22.0213
16.8567
12.8348
16.0599
22.091
26.1101
26.4042
22.8349
15.4594
7.57135
3.01181
-2.16261
-10.0115
-18.5662
-21.0733
-20.1348
-19.4872
-21.2623
-25.5151
-28.5505
-30.4841
-28.4873
-27.2709
-29.6158
-28.374
-27.0111
-29.0024
-33.8636
-39.4017
-41.348
-43.0577
-43.1911
-38.3984
-34.3944
-28.6126
-23.1967
-21.0423
-23.2244
-28.5138
-30.4949
-29.7682
-32.7145
-39.5329
-38.5947
-32.4784
-29.3854
-30.343
-33.2773
-33.2757
-34.1999
-35.8652
-31.152
-24.8469
-20.256
-16.8994
-14.8335
-15.2236
-18.0609
-20.593
-10.8821
10.7848
18.9993
27.5417
30.1627
27.054
25.2651
30.0947
32.1648
31.8899
29.232
30.9545
32.3577
33.6138
32.2632
29.9101
25.6996
25.9102
24.7704
23.3756
17.3885
10.3416
2.0387
-3.04188
-0.147963
-1.06416
0.287317
6.3588
6.64349
6.10829
4.51837
-10.8104
-23.1227
-14.059
-7.41265
-9.59098
-1.80013
5.56587
10.5297
17.5174
22.2275
27.902
33.4186
38.8839
41.4975
42.5101
42.0029
41.2379
40.6917
39.7607
38.7412
38.6571
39.5638
40.4543
40.9458
40.4868
40.0754
39.8327
38.616
35.3252
29.5292
22.251
14.4345
12.5064
18.0903
21.1512
20.4404
17.5572
14.5975
10.4111
3.10359
-9.63562
-14.438
-8.58822
-6.078
-7.73582
-13.2684
-21.3211
-23.0447
-21.4505
-23.5283
-27.5351
-22.1097
-21.7897
-25.2955
-30.7277
-32.3667
-29.2923
-29.0786
-33.2015
-40.6144
-43.5907
-35.3388
-29.4132
-27.1818
-28.9178
-33.3857
-37.3034
-35.5848
-30.5417
-26.835
-27.0915
-31.4539
-38.2529
-38.9704
-35.7151
-35.675
-40.3818
-47.026
-45.7938
-42.5121
-42.5418
-43.6358
-37.5364
-33.69
-32.4969
-30.1735
-28.0314
-7.51004
0.567586
15.8935
20.2575
20.3645
20.5039
16.7383
19.5248
13.7064
21.0263
4.4069
12.7
-4.41141
-4.30484
-24.6183
2.89798
-8.44232
8.00877
-18.9239
5.74379
-22.5324
-4.1146
-0.474916
-5.43671
-7.68318
-4.97105
-2.35188
0.253452
1.04242
4.97681
-2.94459
-6.41496
-10.1283
4.50227
16.7522
25.2811
34.3773
41.9164
47.3824
51.0319
53.5275
54.6715
55.0341
54.1611
52.5021
49.4929
45.7254
42.5447
39.8401
35.3726
26.5767
13.5328
17.0669
25.1789
27.3664
24.6441
17.6023
16.9541
21.6378
23.2993
22.736
20.3275
15.7525
8.85671
6.35812
7.93176
6.66798
4.46147
6.00201
5.96595
1.02503
-7.50459
-16.2171
-10.6646
-8.4489
-10.4475
-16.5331
-21.3401
-25.1058
-28.5533
-28.9907
-27.705
-27.2835
-31.6234
-35.88
-32.7727
-29.4126
-29.1839
-31.552
-35.3124
-40.5874
-42.7538
-42.5673
-40.3696
-40.6257
-41.4953
-38.7108
-32.6783
-27.8138
-23.7436
-22.1245
-23.3264
-27.9157
-33.3455
-37.816
-38.5508
-36.5483
-35.5313
-34.4786
-31.7433
-30.6024
-32.7878
-37.685
-44.1779
-44.9664
-36.7895
-28.3729
-22.4248
-8.34382
9.72604
7.69053
14.2117
11.3702
9.60491
11.3939
15.8882
11.7065
15.6124
3.89111
13.0144
0.64094
-4.71251
-24.3178
5.21728
-6.60217
9.17696
-17.8113
6.2883
-6.37374
0.947094
3.3362
1.14004
4.19028
-1.9445
2.33511
8.5111
4.73887
6.65041
22.6061
31.5611
38.5579
42.8664
44.8208
45.8193
46.4205
47.2494
47.9377
47.1139
44.5148
41.5452
36.9302
31.7593
26.2304
24.9218
24.7487
22.7897
20.9633
20.4975
19.2772
16.2035
16.1891
17.6827
18.8854
16.4276
11.5659
9.48473
10.8205
10.4246
14.4758
21.2564
26.9725
28.8929
27.6028
23.5283
17.1574
11.1391
11.8057
14.4028
14.6599
11.4971
5.92291
1.06822
-1.01595
-3.0133
-6.91655
-12.0786
-10.9332
-6.52738
-3.88225
-3.56865
-31.3393
-36.9057
-37.5013
-32.1704
-30.8315
-34.0167
-39.7245
-41.5116
-40.6698
-42.6326
-47.7403
-57.2972
-52.3263
-40.5236
-33.5481
-32.127
-34.7478
-36.1566
-33.7725
-34.3715
-38.6051
-39.2631
-35.0288
-32.2188
-31.1171
-30.1692
-29.0325
-27.2633
-26.0305
-27.3296
-31.9874
-38.9984
-48.5052
-49.5266
-38.3501
-28.1189
-12.0529
4.37598
9.71752
9.7526
-2.98995
12.8367
11.2646
15.4779
13.1931
16.655
-0.00190425
13.3091
1.60818
-1.08288
-1.91766
9.12277
-2.07748
8.89394
3.91565
6.17833
1.56639
12.3359
10.8334
23.2542
31.1081
39.076
46.2939
51.5305
54.7203
55.8806
55.9277
54.5351
51.274
46.3038
42.5413
40.0045
37.3104
34.5973
29.2243
25.3657
22.3405
15.9344
7.91546
5.88423
12.8413
21.5457
25.201
26.2301
24.9794
25.7214
27.8127
26.8237
21.3729
15.9156
16.1694
18.354
18.1591
19.2357
24.826
30.3378
33.9306
35.4769
34.2086
31.0952
29.6107
31.2833
31.9104
29.7507
24.4648
17.5578
12.9858
9.92615
4.60406
-4.10794
-12.7689
-11.8227
-7.9935
-4.35218
-3.46718
-5.15834
-6.79785
-6.33444
-36.8009
-31.0185
-24.5951
-20.399
-19.1134
-20.4664
-23.9576
-28.5402
-31.6022
-30.2622
-28.3157
-28.2439
-29.1146
-29.0804
-27.5822
-27.2691
-30.6008
-37.1371
-39.7894
-34.109
-29.1259
-26.7412
-26.7238
-28.98
-32.1501
-35.9994
-36.0577
-33.3498
-32.0975
-31.6693
-29.5548
-27.4301
-27.8158
-30.5003
-30.5052
-26.7618
-17.5714
21.9422
35.0004
46.6288
54.7403
60.5939
63.8856
65.577
65.4981
65.4663
64.0879
62.4562
58.4863
54.6175
52.7104
56.4525
60.4277
63.9793
66.3315
68.2326
69.3259
70.2728
71.2237
72.1355
72.7549
72.5692
71.1205
68.0479
62.9534
56.8133
52.3048
51.9223
51.1689
49.4598
50.3832
53.6119
55.0153
53.3981
47.6132
38.0103
34.0466
35.38
36.5366
36.3686
33.3605
27.5144
30.8945
41.8131
49.1681
52.8162
53.4971
51.4163
46.2102
37.2064
28.9888
27.9786
28.3724
25.5598
20.6972
26.4718
35.8381
40.4218
40.839
37.1557
31.1324
28.3511
27.7417
24.369
16.3454
1.9944
-3.08321
5.22685
9.54181
8.90744
4.08655
-1.40434
2.6879
6.11198
5.28511
0.169989
-11.6089
-23.8351
-37.389
-32.1258
-27.9358
-26.2484
-27.1886
-29.2917
-30.36
-31.4051
-31.0097
-27.898
-24.5013
-22.4617
-22.8609
-25.1165
-28.3223
-32.0669
-34.981
-36.0529
-36.3237
-37.2343
-38.3213
-37.6144
-33.3742
-30.5095
-31.6768
-34.4216
-34.4616
-32.2354
-30.3907
-28.125
-27.7099
-30.2989
-34.659
-38.7288
-37.9774
-23.5007
-4.33777
29.662
44.3217
57.4948
65.6061
70.866
74.1239
76.0034
77.4561
78.3248
79.1142
79.1984
79.134
78.5515
78.0296
77.3222
76.6043
75.475
74.1295
72.5483
71.0047
69.5174
68.5482
68.0618
67.1787
64.8411
60.1722
52.6778
44.3412
36.7578
32.1484
35.4702
41.2478
45.8931
49.0145
51.1544
52.4711
51.196
48.2907
49.9006
53.5488
56.2179
58.693
60.8016
61.8556
61.7671
61.6234
61.4443
60.3442
58.9924
57.7971
54.8848
48.3369
38.4518
33.5374
36.941
39.4223
37.8959
32.3875
25.9401
27.5164
32.4498
35.6207
37.0281
35.7226
31.6356
27.0771
23.9331
17.8709
6.35761
-3.60806
7.05768
15.4298
19.8719
20.6948
18.362
13.5697
9.30845
7.685
4.7565
-0.105071
1.07608
-31.4619
-33.696
-38.593
-37.9098
-30.6968
-25.0855
-22.9368
-23.0974
-25.3228
-28.6511
-31.0212
-32.6579
-33.2642
-31.9802
-29.4293
-28.8195
-31.0696
-34.9515
-36.9926
-35.0256
-30.8422
-26.8243
-24.8764
-25.7804
-29.5255
-34.1375
-30.2234
-23.3038
-18.328
-16.3847
-17.2682
-20.7688
-26.0017
-28.9771
-29.5739
-28.074
-4.94541
20.2092
38.1898
46.6439
50.3941
48.9393
43.606
40.4771
42.779
47.9707
50.0579
54.284
57.375
59.5901
58.475
55.6303
51.105
44.4948
36.8129
30.2596
29.2021
28.9803
23.812
19.2903
21.3111
22.8983
25.1182
22.0638
17.0188
14.6895
12.2062
14.3145
20.1745
34.1079
45.5908
54.8437
61.3076
65.4628
67.9876
69.3545
69.7748
68.9289
66.6886
63.172
58.2905
53.1943
50.7059
49.5799
49.7053
53.3906
56.5128
56.7551
53.1056
45.527
39.8094
40.4158
41.4813
40.2302
35.3241
26.5398
16.9366
17.6401
28.6391
38.8353
44.8521
46.9908
45.4337
40.3376
31.7834
21.195
14.8834
13.4528
20.1026
28.6559
33.9992
35.7502
34.1199
29.2286
21.2584
12.7501
12.1127
16.1875
-22.301
-23.7565
-22.6533
-21.0385
-21.4095
-24.2312
-28.752
-33.25
-35.9475
-37.3638
-35.5086
-30.0463
-26.7647
-26.3844
-29.5252
-35.6714
-43.715
-44.1114
-36.6088
-30.7752
-29.1991
-31.7722
-38.1508
-42.2642
-38.6989
-29.0643
-21.5458
-17.564
-17.213
-19.1129
-21.0757
-22.288
-24.4699
-27.7952
-29.0779
-26.4839
-3.96987
8.23075
23.6235
31.5457
34.4772
32.9147
29.2081
24.8699
26.8391
26.1617
23.4267
19.3182
15.391
12.0832
15.8437
15.7447
16.7597
10.5228
16.7369
11.177
10.85
12.3681
16.3174
7.56717
9.97621
10.5992
12.7675
13.7316
12.8453
20.1308
30.0803
37.9398
46.7429
55.3783
62.6327
66.5393
67.9374
67.2789
64.4442
59.9393
55.0368
51.079
46.7376
44.7135
44.2442
43.0885
42.9078
42.9132
42.3242
43.7731
46.4962
46.5464
42.7188
34.8626
24.691
17.1138
16.7934
17.5956
14.795
8.60408
12.4348
19.2733
24.2239
29.5835
33.728
35.156
33.5187
28.8395
21.8202
14.6402
11.6946
11.6055
14.2821
17.0927
19.7182
21.7771
21.9454
19.2972
14.2517
9.87594
6.85474
2.89685
-20.9778
-21.2985
-19.192
-16.8114
-16.7619
-20.4656
-28.3799
-34.5226
-31.3892
-30.1789
-32.9382
-32.2468
-26.0337
-23.7355
-26.004
-32.4701
-36.3262
-35.8742
-33.9161
-28.5185
-25.0596
-25.3562
-30.2758
-34.631
-26.1317
-20.2745
-18.5594
-18.7705
-18.7005
-20.2078
-25.4726
-33.2629
-36.6174
-35.1149
-35.6255
-35.034
0.741872
11.6653
9.54579
12.7931
5.82
14.7709
12.8282
18.7688
17.7275
25.6509
25.0098
23.4423
22.2355
12.6047
8.22814
14.1121
14.4106
10.5667
16.0849
7.70744
7.37876
10.5868
14.3409
16.5053
23.1511
31.4955
43.3735
52.1392
57.4102
59.3287
58.1155
53.5153
46.2533
48.6162
56.5925
60.8849
61.1754
58.1409
53.848
48.0766
39.3556
39.4831
40.7532
42.8235
46.0637
46.4332
43.5161
41.1446
43.4898
45.9382
44.8922
39.5308
30.9973
27.7752
29.7929
30.2133
28.6681
26.8083
23.7121
19.3678
19.2768
24.7067
28.8092
31.1199
31.5214
29.4849
24.0303
14.084
5.54104
8.51194
11.0182
9.37287
3.02381
-4.45017
-3.24314
0.393114
3.53357
4.80749
2.96406
-1.0987
-4.9566
-10.5003
-33.6605
-39.6169
-40.5485
-35.0802
-29.2004
-26.9795
-28.5957
-30.8259
-28.704
-25.1945
-22.0409
-16.1383
-9.91099
-6.31777
-5.83892
-7.69029
-10.6765
-14.4127
-19.6819
-25.9566
-25.5987
-21.1372
-18.4366
-16.9401
-14.4259
-11.6962
-11.3667
-14.1547
-20.5009
-27.5493
-28.53
-25.0754
-21.8512
-20.5702
-19.8132
-18.7429
10.4279
27.2068
40.3109
51.9897
61.0302
67.61
71.7925
73.8855
74.4957
74.4073
74.0501
73.3055
71.4767
69.0536
67.7585
68.6471
71.036
73.2574
74.7151
74.9778
74.164
72.9517
72.2843
72.797
74.1766
75.138
74.7441
72.6207
69.3501
66.603
64.5847
62.2612
62.0919
65.0258
66.3892
64.1717
58.8021
54.6434
54.9186
56.8674
57.9348
57.7102
56.3134
55.6598
56.4415
58.1642
58.1098
56.0756
53.6745
51.9982
50.8252
48.9708
47.2635
46.7002
45.0048
40.8868
36.6077
34.0124
30.8815
28.0806
26.7559
24.4883
20.9525
25.9104
33.994
37.5217
36.3278
30.393
20.8583
13.5382
11.84
10.3852
7.33272
4.67336
7.93741
13.6187
17.1052
17.5749
15.5157
11.7987
8.53609
7.4255
-27.0107
-29.1381
-32.9129
-35.9427
-36.6614
-37.0781
-39.4976
-37.7264
-29.9812
-23.0124
-19.1703
-16.7607
-13.9486
-11.8192
-11.6766
-14.1894
-19.4121
-26.4322
-33.5065
-40.9373
-41.8835
-31.7684
-23.2322
-19.725
-19.9417
-20.5413
-16.5132
-13.1344
-12.8386
-16.1245
-21.1867
-23.1801
-23.0284
-25.2654
-27.688
-24.093
14.5979
41.418
58.2665
70.5956
78.7891
83.812
86.5318
87.8499
88.7208
89.6252
90.5772
91.4553
92.265
92.7126
92.5619
91.8449
90.6329
88.9295
86.4792
83.1129
79.0066
74.5601
70.5788
68.5711
68.9266
69.0958
66.465
60.322
53.1967
54.451
58.3744
59.8063
60.3162
61.2837
61.4881
61.2862
65.6339
71.4063
75.1271
76.2937
75.0362
71.2789
65.4379
57.8683
50.2108
44.139
40.575
36.3315
30.6988
32.4481
35.4697
36.996
39.7844
42.8191
43.5599
40.7823
35.3865
29.5146
26.8667
27.9676
28.6853
26.3451
22.5837
27.4689
34.9649
38.4805
38.1775
34.9596
30.3286
25.7397
19.3832
11.2213
5.63286
6.92496
9.58422
11.3061
11.1293
8.2942
3.78239
4.24624
9.46293
13.395
-18.5564
-20.5846
-25.9334
-34.3444
-36.9529
-32.9599
-29.3
-27.5081
-24.6855
-20.0913
-16.5553
-14.987
-15.8804
-18.534
-20.8048
-21.0308
-21.9961
-26.3679
-31.4244
-29.5917
-26.3724
-23.6208
-19.42
-15.4815
-13.59
-13.4597
-14.5806
-16.1731
-16.9583
-16.4532
-17.6147
-22.1824
-25.5744
-21.7849
-18.5473
-17.3631
9.33656
37.327
54.2202
62.9392
66.2427
64.9365
58.5594
46.8417
48.2539
55.161
57.3674
61.784
67.92
71.7163
71.9574
68.9025
63.9239
58.6709
53.9612
48.1402
38.2403
27.2596
23.0262
28.1538
36.0582
37.6202
36.4087
31.9064
30.6522
31.6462
39.5324
50.1517
60.5154
68.1125
73.5782
77.1261
78.1064
76.3644
72.1482
65.7133
58.0795
51.0973
46.8501
46.1322
46.3385
46.2625
47.1217
46.6577
44.2457
40.9685
39.6538
38.307
33.7088
27.6776
25.393
25.22
22.2914
19.0768
23.9802
28.8935
30.2216
28.6311
26.8829
26.7797
26.0011
24.6214
25.0259
25.9151
24.1537
17.1055
7.99674
9.53215
16.0789
20.6506
22.0538
20.1175
14.7541
6.14483
-2.22013
1.47939
6.49385
7.151
-25.0405
-25.2827
-26.6813
-28.105
-28.1429
-26.5731
-24.3637
-22.0716
-19.5759
-18.5843
-19.8182
-21.4361
-21.306
-22.1885
-25.5389
-29.7966
-32.9203
-36.1122
-34.7046
-28.1269
-23.4509
-21.3269
-19.9003
-19.242
-20.0837
-22.8698
-23.6251
-19.0135
-14.3991
-12.9196
-15.0839
-20.2519
-24.3484
-22.9838
-19.8152
-8.84906
11.6703
30.3517
40.7583
45.516
45.5098
41.1622
34.0623
29.7704
27.185
29.8683
29.8466
28.8056
25.5993
20.5523
17.7259
23.8873
19.6117
17.7371
5.66029
4.20993
14.0541
13.29
16.2874
20.35
22.3133
33.7743
45.9959
55.7253
63.8254
69.6319
73.9096
76.961
77.9669
76.5686
73.5644
70.4361
67.1834
61.7289
52.5344
47.9677
49.099
51.3482
53.4635
55.196
55.3538
54.5194
54.3835
54.9213
54.5228
52.874
50.5874
47.4887
41.9634
34.412
30.0644
29.2044
28.7435
26.5514
26.7118
30.0745
31.5115
31.0044
30.4984
30.2972
29.3218
29.0027
30.2768
30.1975
27.0845
20.9259
11.6546
2.72351
5.66092
10.4745
12.1944
10.3532
4.83597
-4.55555
-13.008
-8.78809
-2.94995
-0.626578
-24.5579
-25.1111
-27.5424
-27.8339
-23.3227
-20.4771
-20.5033
-20.0694
-17.8899
-17.5438
-21.1024
-28.2103
-35.1242
-39.4745
-44.3554
-49.129
-48.3174
-48.1529
-48.2005
-44.0422
-37.7208
-33.6368
-32.1487
-31.5877
-31.2164
-31.1437
-29.1909
-24.7499
-21.0287
-19.9031
-20.7204
-21.9493
-22.1721
-22.8368
-23.8687
-14.7243
4.70933
17.6379
22.3918
28.9324
31.9903
28.9914
26.6963
28.6262
28.7317
31.3004
32.8131
33.1578
28.012
19.2937
17.853
25.1812
21.7751
28.064
34.2063
39.9599
42.1668
48.5499
55.8254
62.086
68.3798
72.7645
75.4006
76.6062
76.0711
74.464
72.3332
70.1372
67.2852
63.1122
57.7198
53.6962
51.753
52.7715
56.8622
61.3779
65.2456
67.4532
67.5991
65.3726
61.0571
55.9318
54.117
54.9703
53.3924
48.4819
42.5751
39.6498
36.3438
31.1332
28.3625
28.1212
28.0217
27.942
30.6622
32.6183
32.8468
31.5944
30.1112
27.9267
25.3494
24.613
23.2909
20.1674
18.438
17.7385
15.7876
11.4102
6.75975
2.17092
-0.861327
0.81312
1.62659
-1.27545
-8.67932
-16.2128
-11.7139
-4.58035
-30.5692
-31.5198
-32.328
-32.4712
-30.8395
-29.1176
-27.7079
-27.5083
-27.5644
-26.4476
-25.9018
-28.4845
-35.8405
-41.4754
-40.1486
-38.4134
-37.7029
-37.3183
-38.1676
-37.1271
-34.8189
-33.1947
-33.2301
-33.318
-33.4848
-31.2979
-27.8988
-24.6036
-21.6953
-20.2827
-21.1392
-23.6245
-26.3623
-30.1523
-32.1282
-6.64907
13.7691
33.2482
47.1249
60.5868
69.6703
75.754
79.1362
80.3858
79.8075
78.0329
75.5752
72.7274
68.9444
65.7875
67.6775
71.5111
74.059
74.9466
74.3894
73.7052
74.5932
76.6417
78.358
79.0082
78.4734
77.8934
76.3415
72.0807
64.2245
55.3192
53.0549
52.3565
51.0072
47.8513
45.4944
50.6586
56.8061
62.464
66.6779
68.6119
67.5094
63.2032
55.5194
44.9559
38.727
39.607
41.1278
42.2056
41.3541
37.1504
31.4246
29.2093
28.3772
29.7999
30.381
28.6511
26.2241
29.885
33.8335
34.3394
30.2842
22.3879
14.5761
11.8622
8.75224
3.71476
1.85361
3.29638
6.38247
11.6098
14.5995
15.0292
12.449
6.36609
-2.3403
-6.41541
-6.28132
-8.62615
-13.4128
-17.1335
-17.5286
-18.797
-16.4703
-17.4598
-20.9451
-23.561
-21.9543
-20.6422
-22.3343
-26.3133
-27.9547
-26.0528
-25.4715
-28.1823
-32.5082
-30.9571
-25.2361
-20.5714
-16.7977
-14.3156
-13.605
-15.6642
-20.9544
-28.978
-31.1915
-28.2578
-26.5107
-25.9442
-24.7812
-23.1406
-22.8331
-24.8297
-29.1035
-31.7098
-27.3766
-21.8501
-19.8871
-1.75413
21.3632
39.7741
55.4816
65.1409
71.5824
75.2651
77.1951
77.8223
77.7562
76.9705
76.0354
74.8681
74.3998
74.3628
74.708
74.9197
74.5742
72.6552
68.5376
61.8874
55.9839
57.3249
59.4427
57.5636
52.7038
49.3676
52.5148
53.4093
50.683
46.2551
47.1119
52.6592
56.8221
59.1086
59.7655
59.229
58.3478
54.7504
49.4914
46.1456
46.7272
44.9097
40.015
36.0377
35.3996
38.8096
41.796
42.5108
41.252
38.4802
35.983
34.2816
30.1936
24.3602
21.2588
21.5378
23.8491
25.8163
26.8111
25.7256
22.7695
20.1102
22.7341
26.1657
27.6278
26.8441
23.8055
18.9371
14.916
13.806
11.6776
6.41864
-0.959087
-7.0839
-9.88191
-11.4972
-6.66893
-3.51131
-4.4887
-9.25468
-14.4244
-17.4885
-13.4139
-17.4961
-19.6881
-14.6734
-10.5015
-9.78098
-12.0272
-16.0357
-20.2609
-23.843
-25.4526
-24.3934
-21.9936
-18.0642
-13.984
-11.7983
-12.164
-14.6168
-16.0203
-13.9119
-11.8542
-12.0816
-14.1022
-16.3656
-17.2646
-15.6771
-12.976
-11.8397
-13.3833
-16.3234
-16.6597
-14.9325
-13.3097
-11.9502
-11.5175
2.51194
26.892
41.8637
51.569
55.962
55.4032
50.0581
43.2322
37.1865
36.1922
33.448
34.1146
34.8698
35.1522
31.9123
34.3694
33.1156
32.9045
24.7727
19.7422
25.9124
26.2532
20.2671
23.8311
28.3354
30.2599
42.0077
49.8013
60.2244
67.9245
72.5925
74.0839
72.9143
69.183
63.3573
55.1117
48.1994
44.2412
46.3333
52.4681
58.5982
63.0685
65.4761
65.3163
62.4403
57.1179
51.0408
49.4371
50.0649
47.4133
41.2406
34.7024
31.3712
28.35
25.6907
25.2358
25.6368
26.333
27.7871
31.3082
34.048
33.1657
27.6119
17.2474
14.7477
19.5481
21.5717
21.362
20.3763
20.0613
19.5025
18.6263
16.6305
13.2788
8.2272
4.29427
8.32396
12.3866
12.676
8.75348
0.350212
-11.4326
-19.9591
-14.9486
-18.2551
-21.9883
-19.1552
-15.5971
-13.7668
-13.8545
-16.0749
-20.5943
-26.4104
-30.7589
-32.6935
-31.0533
-24.8488
-18.7483
-13.6994
-10.9991
-11.2844
-14.5035
-19.4095
-22.572
-23.6473
-23.9809
-22.4566
-19.9513
-19.2514
-20.7664
-21.9942
-21.3954
-21.6701
-22.8796
-22.9823
-22.4114
-22.8175
-21.2295
5.73413
31.9182
44.8855
54.5923
59.5311
61.5437
60.2528
56.4941
53.1604
52.1866
54.8426
55.1579
54.6374
53.6655
48.8554
40.1747
41.5757
43.7535
51.3182
60.3928
65.9187
69.1793
72.4308
76.9792
81.588
85.5616
89.1216
91.8159
92.6346
91.1185
87.1753
81.1301
73.6528
65.4805
60.7071
60.9269
65.5052
72.3273
77.9293
80.5754
80.3427
77.6162
72.9769
67.6921
61.9674
55.7538
49.798
45.6153
44.5838
42.6322
38.5359
37.02
39.8849
42.3941
42.2136
39.1987
34.6521
30.0528
26.9983
30.2308
34.4327
35.0763
31.7175
27.1219
28.6441
31.8515
31.7068
27.6276
21.7196
20.42
25.0368
29.4331
31.015
29.185
23.5875
15.1593
9.68726
9.29194
7.58174
3.77456
0.0331115
1.86573
5.0483
-16.683
-20.486
-24.8099
-26.4348
-23.1176
-19.7058
-18.8699
-21.0801
-23.7173
-24.5324
-26.004
-30.9566
-37.942
-35.2958
-27.0599
-21.7514
-20.3273
-21.9511
-24.7025
-26.0847
-27.5154
-30.5214
-33.8156
-29.8831
-25.7396
-25.6356
-29.6896
-34.262
-32.4461
-29.41
-27.713
-25.1066
-22.6489
-22.7454
-25.1467
6.91722
28.5665
50.7649
69.7951
83.7767
93.4987
99.824
103.584
105.34
105.54
104.706
103.65
102.691
101.524
100.41
100.137
100.576
101.126
101.395
101.152
100.459
99.504
98.1566
96.1362
93.6033
91.5459
90.7965
90.5645
89.0726
84.9413
77.5745
68.8772
62.7823
68.5687
79.1271
86.6673
90.0818
89.7755
86.1682
80.2881
74.0771
69.5109
66.7266
62.9525
58.3427
58.6562
60.95
60.403
56.9796
54.9998
56.0014
55.4788
51.9861
45.9584
40.0248
36.365
35.2175
37.1709
39.3294
40.4296
41.2557
41.3755
40.3974
39.4463
39.5695
40.2291
40.6761
40.1665
37.4193
32.5198
27.414
23.913
21.4222
20.9144
21.0455
19.5251
17.6893
17.2994
18.1452
18.3954
18.7451
20.2005
21.7879
-27.4235
-21.5326
-18.6662
-17.7365
-18.495
-21.0846
-26.0754
-30.766
-32.449
-31.8901
-29.1681
-27.2373
-25.6738
-22.0721
-17.9215
-16.2805
-17.9391
-22.0858
-23.7332
-19.2709
-15.8404
-15.8365
-18.3874
-21.549
-22.3183
-18.719
-14.7464
-13.5055
-15.4634
-20.1107
-26.5908
-32.0797
-30.3336
-26.5211
-20.8478
8.54127
35.2528
60.8467
78.4707
90.0535
97.0368
100.967
102.924
103.536
103.387
103.257
103.471
104.154
105.464
106.649
106.707
105.513
103.429
100.581
96.4717
90.3844
82.4915
75.8407
71.137
64.6668
56.052
51.4725
51.064
50.4948
51.4476
59.9515
72.8405
83.3097
90.6095
95.1153
96.4224
94.1733
87.9175
77.4625
68.0204
68.03
70.5815
75.2993
79.6359
82.257
82.5436
80.2494
74.9592
66.5924
57.2186
53.0982
51.5414
49.0251
45.9064
44.2078
45.0401
46.2112
45.4187
42.5896
40.3684
40.5404
40.7321
38.4982
32.9075
26.3405
25.3959
27.7632
30.405
32.4752
32.8666
31.298
29.2128
28.7498
28.4022
26.1609
22.385
18.7153
16.1288
15.2646
17.5987
20.6413
22.3355
21.927
-7.72813
-7.07194
-8.04549
-10.6962
-15.0612
-20.7759
-25.4641
-24.7477
-20.8848
-16.7168
-13.3787
-10.9244
-9.20887
-7.99837
-8.12197
-10.2484
-13.67
-14.4808
-12.8458
-11.333
-9.43119
-7.39603
-6.32039
-6.96592
-9.53501
-12.6955
-12.9851
-11.4037
-10.4765
-10.4016
-11.1114
-12.3745
-13.0441
-13.2194
-13.7164
1.93306
21.6024
49.5244
64.7092
73.7862
76.7419
75.2186
69.6804
62.1813
62.7798
62.7601
61.8755
64.9556
66.7342
64.9418
60.9465
54.3415
47.1397
38.5657
36.71
43.0645
41.6779
34.0565
34.5768
34.957
39.5995
48.3932
59.0347
69.5041
78.7061
85.8142
90.5456
92.7367
92.2637
89.0192
83.1013
75.4456
69.5057
71.9388
77.8606
81.9022
83.7675
83.7838
82.4499
79.4264
74.7184
68.6598
62.4148
53.9699
43.1215
38.8119
42.5206
45.5961
45.9716
45.6761
46.1735
45.7438
44.3466
42.701
39.8471
35.7215
32.3848
31.2771
33.1871
36.5759
38.0589
37.0916
34.6146
31.8456
29.7699
30.5702
32.8207
32.9791
29.7181
23.8316
18.202
14.3191
10.389
6.75634
2.77843
-2.14249
-5.63525
-6.79898
-23.1769
-24.2669
-27.2897
-30.6311
-31.8076
-28.7336
-26.0944
-25.8921
-25.8001
-23.9456
-22.9288
-24.1843
-24.8449
-21.8912
-19.0762
-19.4383
-22.7029
-26.335
-25.4122
-24.7583
-26.0932
-25.8726
-23.2209
-21.8974
-22.6634
-24.0853
-23.0943
-20.7887
-19.2184
-19.7881
-22.002
-24.494
-25.99
-27.9729
-30.9161
-12.615
21.1633
34.5498
49.2106
56.1503
58.2785
56.2566
49.6654
42.7968
39.4022
39.9956
37.5936
37.3435
34.5667
30.7042
29.9884
26.2551
26.784
24.3268
26.6463
33.9637
37.3153
41.8634
45.6832
50.3051
56.1364
61.7314
65.9414
69.5748
72.8264
74.7212
74.2556
70.9937
65.0636
58.0719
55.6637
60.1617
64.5402
67.5519
68.551
67.1519
62.9103
56.717
50.4559
50.3696
52.5269
53.8529
52.6554
47.876
38.8129
31.7054
29.4563
29.9654
31.0678
32.752
33.6193
33.2982
33.8025
34.896
34.5252
31.6622
28.3555
26.3784
24.9029
25.0514
26.3169
26.699
25.0232
21.8047
20.6989
22.3816
23.2675
21.3652
16.9833
11.0875
6.08066
3.37626
0.753481
-0.678639
-1.8194
-4.94263
-10.9075
-17.622
-32.1132
-37.2985
-41.5701
-39.1099
-32.7818
-28.7831
-28.3341
-31.119
-36.0516
-39.9724
-40.0327
-37.2517
-34.846
-32.4219
-29.5809
-27.2446
-26.36
-25.9974
-25.8737
-26.03
-26.6936
-27.8817
-30.0457
-33.5851
-36.8856
-36.1229
-34.3527
-32.5034
-31.2977
-29.964
-28.8936
-28.4445
-29.1421
-27.8684
-24.2737
-20.4585
10.2435
12.105
31.8052
41.8192
49.6956
52.7763
53.2201
51.4456
53.4583
56.541
59.4284
59.9312
58.7366
56.2089
51.2978
44.9266
37.282
32.3944
35.5285
42.5959
47.8643
49.0797
47.5423
44.4464
42.3898
41.0421
40.3758
37.3693
33.6934
32.6018
31.033
33.44
33.0359
32.813
35.2775
36.5167
40.1029
40.4095
39.1664
43.851
49.5812
54.6358
57.2524
56.752
53.4393
49.1509
47.9112
48.2858
46.891
42.9546
39.1054
39.7906
41.5726
41.3456
38.8303
34.7419
30.7837
31.4289
32.7725
31.3981
27.9742
24.5936
23.0267
23.8418
24.5565
22.6987
18.43
15.564
18.0709
20.8633
20.7623
17.1861
11.108
7.03178
8.20632
10.7735
11.7519
10.494
7.39493
4.37078
4.26645
6.11324
-28.0459
-29.2194
-27.4309
-25.9857
-26.0816
-27.2296
-28.9288
-31.5004
-34.3489
-35.2263
-34.9813
-35.7417
-35.8594
-32.6003
-29.3574
-27.4879
-24.8967
-22.3419
-20.7527
-20.352
-20.1897
-19.9595
-21.1188
-24.7597
-29.5555
-31.0571
-30.4799
-31.8456
-34.8873
-35.9379
-32.605
-28.8335
-27.3818
-28.8087
-31.6452
-26.3945
2.07579
17.6157
28.5231
40.353
45.0293
46.9863
44.7203
41.091
38.1697
44.1195
45.8773
48.1942
48.8866
48.8049
46.6799
42.2464
34.1636
28.8706
23.6909
30.9876
31.1143
31.598
30.7135
29.5124
27.897
26.068
22.7484
17.5938
22.0433
29.5862
36.2786
39.3742
39.9207
37.4037
32.6771
25.7423
31.096
39.6237
46.9794
52.0684
55.4591
57.078
57.191
55.9021
53.2006
48.75
42.9071
38.178
35.7064
36.7526
40.2945
42.4036
42.1197
40.3725
38.1801
35.3645
32.3684
29.1961
26.7029
24.6051
22.2006
20.9651
22.5175
25.123
26.3612
25.8419
23.4825
19.0449
12.2876
5.14067
1.05114
-0.654041
-1.31231
-1.7186
-0.0504102
2.27969
3.69424
4.15273
3.98239
3.9388
4.68835
5.20688
-26.6852
-26.4614
-25.2919
-25.7859
-29.0587
-33.5103
-33.9891
-31.7202
-28.806
-26.7693
-26.0656
-26.0148
-26.1651
-26.6854
-26.7374
-24.891
-21.9166
-18.574
-15.9815
-14.7595
-15.3135
-17.8806
-22.1601
-25.4574
-25.2773
-25.6954
-28.9324
-34.8434
-39.7244
-35.2328
-26.087
-19.9483
-17.1167
-16.9538
-18.3756
-19.2451
-1.79733
7.9299
5.54047
17.6787
13.9107
18.7951
21.3176
22.7965
20.8392
21.4965
14.6916
18.1318
13.351
13.5379
11.1228
12.1988
7.30717
11.1265
6.15101
15.4245
14.0317
14.2015
19.8128
21.069
24.4914
26.9335
26.8264
25.6999
26.3426
30.2045
31.4708
31.087
28.9734
28.9083
29.4163
30.1687
30.7515
31.0972
31.032
29.2417
26.6055
24.3545
24.4811
27.1138
30.682
33.5037
35.6807
35.4363
32.449
30.1504
33.698
38.9266
42.3123
43.8648
43.7072
41.6306
38.0705
35.0577
33.5089
31.6616
29.961
29.589
29.3865
28.2505
27.4444
27.0023
25.8601
23.2594
19.4734
13.9564
6.46828
1.76337
2.49764
5.9166
9.56739
12.158
13.6359
13.8931
12.7164
10.2058
6.92824
3.20823
-25.054
-23.2006
-23.7595
-27.3282
-31.9247
-33.6083
-32.8652
-31.4305
-28.3922
-25.5944
-24.4042
-22.1841
-19.2494
-18.6531
-21.6544
-26.6565
-28.5505
-27.6038
-27.805
-28.7565
-28.1651
-25.5937
-21.9021
-17.0561
-13.219
-12.3162
-15.0337
-20.576
-24.2924
-23.7638
-22.5658
-19.9093
-17.026
-16.2121
-17.3135
-17.0722
-2.12976
9.18381
18.4408
31.1788
39.0014
45.2447
49.2774
51.1148
50.9101
49.5734
47.9464
46.0648
42.431
36.8029
31.9578
32.5328
34.3716
33.7419
32.6008
31.8967
30.3915
28.1613
27.4148
28.0918
28.6245
29.4986
28.4583
24.022
16.0819
8.76254
16.9153
22.2427
29.2676
32.9185
33.2394
31.2313
27.6092
26.2443
24.5957
23.2088
22.5265
20.9558
20.1265
21.3525
23.5915
25.3853
26.4189
27.1009
27.4307
29.9331
32.7551
33.0559
31.0604
29.6265
30.815
32.1572
32.5167
31.2245
28.4812
25.4251
25.4007
26.293
25.8487
23.8846
23.9897
26.9997
29.0802
28.6691
25.1576
19.042
12.9402
8.72893
7.96478
10.4533
12.7704
12.6463
9.89628
5.02486
-0.487103
-6.77159
-9.46485
-9.38374
-19.4006
-24.2657
-27.6238
-24.8065
-22.4619
-22.9976
-25.8124
-28.5856
-30.3017
-31.6939
-30.8118
-25.3682
-19.5854
-16.5741
-16.7768
-19.6084
-23.5779
-26.5791
-26.9467
-25.3549
-24.9079
-26.8742
-29.9472
-30.1147
-27.2453
-25.3273
-24.6184
-24.7036
-25.1326
-25.9451
-26.1061
-22.7857
-18.784
-17.5421
-19.6134
-22.291
-7.43475
9.31245
24.348
34.4014
40.5159
44.5284
46.6927
46.8929
45.6043
44.4413
44.1943
44.204
43.3336
41.0482
37.6558
34.7931
32.4038
30.4349
26.8823
24.5983
23.7002
23.2109
23.2203
20.7827
17.8647
13.9748
14.1902
21.6633
28.399
32.4918
33.746
32.4769
28.9931
25.7374
25.756
28.1996
32.2933
33.8629
33.0544
28.8881
23.514
18.0604
18.2947
26.7302
35.0813
40.5024
44.6197
49.2747
54.1155
57.3704
57.5433
54.0093
46.0657
34.3303
33.3466
39.0712
41.2171
39.846
36.4254
35.3372
38.535
42.9743
47.5395
51.6369
54.1163
54.0279
50.8536
44.3759
35.2671
27.5125
23.4077
19.9386
17.4252
17.0609
16.5012
14.0241
8.40837
0.664901
1.38666
6.97278
10.3626
11.2649
-20.2936
-22.0782
-23.4214
-22.6046
-21.7215
-22.352
-24.3071
-26.3249
-26.7934
-27.2692
-29.3257
-30.8666
-28.9543
-25.9706
-23.7045
-22.2043
-21.3225
-20.7868
-19.917
-19.2765
-19.5944
-19.9761
-18.7119
-17.536
-18.8204
-22.2724
-24.6407
-22.4778
-20.286
-20.4495
-22.5654
-24.8896
-24.4748
-21.6413
-19.2075
-17.3235
-8.58953
4.87655
15.7686
23.3061
25.2293
24.6257
21.8522
19.6247
17.1119
16.0361
11.0566
13.9159
13.3539
13.0032
12.9132
12.9969
11.5254
10.6757
9.35099
12.8375
14.1274
17.2971
24.1637
29.3401
33.8262
37.5743
40.3221
41.6344
41.1051
38.2142
33.2156
25.0833
23.1763
28.9934
33.4633
35.3081
35.3017
33.3067
29.8815
27.9542
32.6285
37.6991
41.4643
44.4799
46.0989
46.5182
47.7665
50.9417
53.9659
54.8644
52.9812
47.9354
39.5417
30.4663
28.8082
30.7887
31.5833
31.1338
29.7521
28.5185
37.4313
48.6603
55.7683
59.6411
61.3905
61.4219
59.3328
54.3885
46.3147
36.8563
29.1209
22.4986
17.0229
15.5037
13.6324
8.66053
1.9664
3.83686
12.1094
17.3729
19.0789
17.7639
-24.6467
-22.533
-23.1947
-24.0315
-22.3787
-21.3975
-23.2606
-27.0652
-29.408
-29.9222
-32.2811
-34.9277
-33.8089
-29.5893
-26.0966
-24.1559
-22.5278
-19.7051
-17.4271
-17.6436
-20.115
-22.4831
-22.1756
-20.3878
-19.8061
-21.3891
-21.1717
-16.9634
-14.6438
-15.3744
-16.9004
-17.1172
-17.3626
-18.7314
-20.6073
-22.5605
-19.4201
1.66022
11.5813
25.2978
33.4908
38.6401
41.7061
43.4332
44.3341
44.6335
44.8804
44.1061
40.7829
35.2038
32.8794
34.7789
37.7525
39.7255
40.9504
40.7222
40.3741
41.7088
43.0947
42.413
40.0167
37.8376
35.7013
32.6433
27.9943
25.6356
26.144
30.2394
33.9274
35.925
35.7933
34.1055
32.7017
33.6707
36.6081
39.372
41.2431
41.0865
38.4364
33.1672
27.7451
27.2704
28.1399
29.4397
31.2411
32.7797
32.6947
30.779
27.7692
26.4735
26.6009
26.0102
23.4456
19.6912
16.1449
17.6202
25.9364
33.9663
38.3461
39.19
37.3981
34.7357
33.3027
32.089
29.7058
26.102
21.1744
13.8696
7.15837
6.56002
6.62768
4.26361
0.989117
0.544874
0.984683
-0.0884392
-2.5729
-6.02756
-28.1252
-25.1359
-22.4064
-22.1382
-24.6641
-28.0268
-29.2853
-28.1617
-23.8666
-20.1891
-19.1734
-21.0983
-25.3292
-29.6158
-30.7642
-29.9996
-29.2346
-26.6626
-23.2685
-21.1191
-20.9211
-22.6179
-25.7904
-28.349
-26.6652
-22.8715
-18.7379
-15.0775
-13.878
-15.4387
-17.5153
-17.0462
-16.3574
-16.975
-18.5248
-20.6358
-18.704
2.12158
17.3867
29.6274
36.6448
41.025
42.7843
43.2314
43.4936
45.0438
46.4971
46.4578
44.7565
42.3643
40.1566
39.5617
37.8175
36.4135
35.5244
35.5132
35.8764
35.0883
32.0724
26.9876
20.1694
17.3579
19.8415
23.1859
27.8187
31.807
33.6852
32.1204
28.1608
23.1549
20.5099
24.4209
30.3803
32.3043
30.4727
24.5002
19.8906
24.1494
29.49
33.9507
36.8588
37.9383
38.0152
38.5195
39.37
38.5717
35.1547
30.7006
30.5496
32.6445
32.3768
28.5101
21.102
13.9004
12.6234
12.69
16.3495
23.0894
28.8105
33.364
36.4757
37.4647
35.9689
32.4101
27.8632
23.5788
19.782
16.6731
14.4196
12.2039
8.99239
4.85575
1.77271
1.13761
1.49054
1.88898
1.70716
0.196972
-20.8274
-23.6818
-24.4198
-23.8579
-25.0168
-26.8234
-26.8173
-25.3528
-24.9077
-25.9646
-27.9014
-29.3693
-29.2079
-27.6153
-25.9787
-25.9109
-27.7467
-26.6061
-18.6695
-13.3875
-12.6297
-16.3719
-23.6052
-28.029
-27.1767
-26.5095
-24.7036
-21.414
-19.8829
-21.366
-23.9573
-23.7184
-22.7132
-23.6598
-23.7644
-19.1306
-9.73153
-2.26584
9.41722
18.5873
22.4999
24.2678
22.6521
20.6951
17.7096
15.7637
14.7193
15.491
15.2762
15.5852
10.9383
13.434
11.4575
19.2749
26.6184
30.8475
32.6498
32.9756
33.6091
35.1897
37.6847
39.4717
39.4972
37.6767
34.335
30.45
27.0331
27.9072
31.4781
34.5583
35.2147
32.4856
28.4461
27.7561
30.9215
34.0807
36.059
36.366
35.0874
31.7992
27.2764
24.6855
24.4921
26.3414
29.406
31.421
31.1363
28.371
23.8042
18.4827
12.1599
6.63143
4.73803
6.50951
8.3228
10.1081
16.0369
23.0218
28.069
31.0916
32.0117
30.7107
27.093
21.4309
14.878
9.06787
5.44346
2.50729
0.514644
-1.09245
-2.39558
-3.12028
-3.37138
-4.42805
-7.74389
-14.2187
-22.9032
-26.5082
-17.1012
-19.2873
-20.9981
-21.5725
-22.8284
-22.4534
-19.918
-18.0142
-15.9196
-13.4122
-12.5193
-14.2051
-17.5164
-20.6283
-22.6742
-22.0197
-17.6657
-12.8627
-9.10084
-7.66816
-9.44379
-14.4812
-20.344
-18.4549
-13.2169
-10.0217
-9.38429
-9.55197
-9.4589
-9.99231
-11.5242
-12.6781
-13.2043
-14.1297
-14.5411
-14.6679
-6.17963
5.47481
22.9627
36.5423
45.5905
50.5431
52.3801
52.5262
52.5215
52.6562
52.4166
51.3744
49.1622
45.5738
41.0926
37.6182
37.5064
41.449
44.6178
45.6291
45.0887
43.9385
41.8461
38.8834
36.7051
35.398
32.9172
29.3889
29.8615
33.3334
36.6917
38.6851
38.9866
37.4133
34.934
33.4035
34.3404
35.7814
35.7242
33.15
29.9295
29.7053
31.8961
34.3354
36.4755
38.222
39.9036
41.3129
41.8745
40.3177
35.7359
28.0101
19.6354
16.1183
16.6575
17.0798
15.9584
14.231
12.4238
12.2794
17.2747
23.9299
27.7903
29.1754
29.6758
30.1627
29.9075
27.7784
23.3628
16.8319
9.09639
4.22248
1.68864
0.859895
0.171255
-1.4091
-3.17539
-4.57671
-6.0632
-9.21309
-14.4711
-19.4701
-22.3756
-25.9835
-26.4282
-23.667
-22.7007
-24.3638
-26.9729
-25.5885
-20.6235
-16.7955
-15.5857
-16.2928
-17.7236
-19.6538
-21.5198
-20.3365
-18.0951
-17.5404
-17.9097
-17.6064
-17.4699
-18.2835
-17.4001
-13.6267
-11.0988
-12.1541
-16.4575
-18.9125
-16.1838
-14.9925
-16.3484
-18.2889
-18.8047
-18.0976
-16.7345
-15.6107
-4.55741
13.6963
29.6063
39.0161
43.9068
45.9095
45.7496
44.8041
44.7983
46.0162
47.0374
47.8806
48.7078
48.1817
45.4215
40.7037
35.0687
30.9229
27.9427
25.7756
23.5003
24.2709
26.767
31.2842
37.7793
43.5781
47.8737
50.434
50.7606
48.486
43.5263
36.626
33.9189
37.1512
40.3288
40.8465
38.9992
37.5947
40.6667
44.985
47.4346
47.0753
43.6223
37.618
32.6844
32.3621
32.692
32.3448
32.1574
33.2602
33.4643
31.7239
28.7759
25.8697
23.2677
21.4311
22.6562
24.6127
24.6892
22.772
21.566
25.1971
29.575
32.2107
33.4325
33.9204
33.4729
31.3824
27.1772
21.4716
17.7309
17.0016
16.2146
12.3801
5.15414
-0.58387
-1.19334
-1.92541
-3.20556
-0.970937
3.42829
5.70547
-29.8757
-30.1837
-25.81
-22.3559
-21.7686
-23.5239
-24.0361
-20.0913
-16.5267
-15.6051
-16.353
-15.5443
-13.5927
-13.527
-15.4767
-16.7951
-15.1851
-12.9348
-12.2879
-13.8356
-16.8683
-18.8262
-18.6187
-17.251
-16.5688
-17.793
-21.552
-26.0668
-24.3864
-20.8533
-20.3287
-21.4417
-20.6895
-18.785
-18.0856
-16.8193
-0.912677
11.5719
26.9147
36.6381
43.301
46.9878
48.2769
48.6757
47.4208
44.8699
42.6672
40.8556
38.853
33.6037
27.7448
30.6455
35.2979
41.7654
45.9439
47.7384
47.5503
47.3534
48.7239
50.9193
52.0927
52.154
51.0104
48.3167
43.764
39.1263
39.85
44.3471
46.4077
45.2036
41.3655
37.8665
39.1175
42.064
43.5131
43.3406
42.034
40.1513
39.809
40.8438
41.2127
40.2893
38.6572
37.3623
36.8948
35.8962
33.4655
30.5458
28.5448
26.7066
23.8823
22.3666
24.8105
27.384
27.3357
25.4637
25.5778
27.2566
28.0768
27.9027
28.8626
31.5788
33.4217
32.5486
28.3936
21.3163
14.7113
13.5406
12.6847
8.58768
0.321263
-9.22219
-10.197
-9.26747
-9.81947
-8.85525
-5.46757
-3.53103
-17.0907
-13.4405
-12.7929
-14.7027
-17.4407
-18.0902
-16.9221
-16.4302
-17.1803
-18.1404
-19.324
-21.1964
-22.5081
-22.8118
-23.6006
-23.8725
-21.4121
-18.3381
-16.9628
-18.395
-21.8329
-22.9467
-20.0409
-16.9128
-15.343
-16.3035
-20.1195
-24.7679
-24.3579
-20.0095
-17.3756
-16.9848
-17.059
-17.3153
-18.9855
-21.7988
-6.85807
18.4861
37.1182
50.7997
59.9018
65.1719
67.4394
67.3571
66.2853
65.3493
64.7929
63.8379
62.1171
60.8132
61.1872
62.1472
61.9819
59.8391
55.9299
51.6471
48.1958
44.6354
40.6287
37.937
37.3542
36.9943
37.5599
40.5029
44.9012
48.0437
48.7956
46.8054
42.4822
39.2804
41.0043
43.1812
42.5999
39.2167
35.2699
34.3895
36.0086
39.0229
41.1682
41.5631
40.1479
37.1406
32.5713
28.7566
30.2223
33.5163
34.9805
34.8599
35.553
37.9758
39.8111
39.392
37.6113
37.5794
38.5053
37.1442
33.3339
31.8405
33.7134
35.495
36.9414
37.3855
35.5785
31.0776
24.6754
19.888
20.7562
22.1455
20.7677
16.1999
8.94236
-0.108945
-8.02858
-12.888
-15.2266
-14.5086
-12.2235
-10.5715
-18.4117
-18.7028
-18.6555
-18.18
-17.539
-17.0618
-17.7247
-19.2093
-19.8186
-18.8991
-17.1659
-15.5741
-15.6935
-18.0697
-21.5429
-22.8984
-21.9936
-20.6162
-19.8626
-20.2113
-20.9507
-20.8559
-20.298
-20.0454
-19.433
-17.9449
-16.2775
-15.946
-17.1186
-16.508
-13.769
-12.8377
-14.627
-17.9064
-21.4566
-25.7405
-13.5816
17.3709
31.8658
41.0074
44.924
45.4378
42.6149
37.5712
33.2578
36.3972
42.085
47.2836
50.9269
52.37
51.4494
48.4304
43.8766
39.4786
35.9838
33.1351
29.9036
27.1985
27.8827
31.5577
35.6651
39.0152
41.1524
42.3176
42.0294
39.8555
36.248
34.1626
35.2362
36.6606
36.5346
34.1738
30.8909
30.093
31.5773
32.1329
30.7658
28.9732
29.2771
31.0789
33.4718
36.0803
37.7513
38.091
37.5863
36.1376
33.0566
29.0161
27.7548
29.9811
31.3203
30.5837
30.6595
33.1657
35.6731
36.6897
36.2237
34.7819
33.636
33.6863
33.8112
32.7323
30.3475
27.2517
24.2712
21.5029
18.3877
14.2762
10.0098
6.68566
4.97079
1.76287
-4.41325
-12.2784
-17.2508
-19.1278
-21.467
-24.4302
-20.1838
-20.1258
-20.2378
-18.4824
-16.3137
-15.595
-16.4391
-18.2158
-19.4232
-20.1104
-20.7243
-20.4791
-19.9108
-20.8905
-23.6683
-25.7966
-26.8606
-28.3262
-25.8756
-21.0242
-18.6437
-19.6683
-23.5234
-27.9635
-27.6837
-22.7292
-18.7362
-17.5467
-18.2589
-18.5668
-17.6239
-16.8108
-16.8601
-17.3566
-17.3781
-17.4281
-11.9821
4.33735
17.9898
29.9777
37.3786
41.4433
43.0649
43.3138
43.2206
43.2984
43.3023
42.155
39.0402
34.7145
32.6508
33.6874
36.1346
39.1737
40.9558
40.1751
36.9649
33.125
30.9029
30.4644
30.8949
30.1503
26.9466
23.4407
26.0749
32.1058
36.03
36.5007
33.7026
30.6887
31.9973
33.8203
32.8843
28.8151
23.5023
23.3007
27.6377
30.8952
31.233
28.3923
23.9448
21.8202
23.0342
24.7798
26.4275
27.5268
27.4824
25.4016
22.7333
22.358
23.32
23.3292
23.7798
26.6131
28.9221
29.0104
27.393
26.312
26.9194
28.2902
28.7025
27.352
24.0019
18.8843
13.583
10.0752
8.36727
8.66695
9.56452
9.69238
7.7958
3.23226
-4.32788
-11.7611
-13.6091
-14.4777
-16.1502
-16.7195
-16.5738
-16.3962
-19.8144
-24.6333
-25.5137
-24.3717
-24.3625
-24.9828
-23.8644
-21.2491
-20.0217
-21.3211
-24.5199
-27.6064
-28.7705
-27.0515
-24.6255
-22.7784
-20.1391
-17.0838
-14.9989
-14.9452
-17.37
-21.7766
-23.8062
-20.8488
-18.8756
-18.4085
-18.2935
-18.8043
-21.1232
-24.9524
-28.8177
-31.0298
-28.0335
-23.5005
-11.6373
8.56767
21.4388
30.9384
35.5715
37.653
37.7696
37.23
37.7013
39.2866
40.7062
41.6364
41.4742
40.0589
37.2741
33.9911
31.9193
30.7791
28.5194
23.9594
16.0923
10.2116
15.976
23.1096
28.4978
32.2755
35.059
36.0577
34.5618
31.4099
29.5063
29.4651
30.1933
31.7716
32.1493
29.4183
24.5144
22.6367
23.8494
23.3339
20.5306
19.8853
24.5506
29.6599
32.7359
33.8219
34.1725
34.426
33.4501
30.2862
25.4304
20.7388
16.4719
14.9256
19.4495
24.1696
27.0328
28.5632
29.1311
28.1978
25.7803
24.0896
25.2727
26.9616
27.7413
27.4193
25.6492
21.7411
15.2401
6.77013
1.11593
2.21065
4.00266
3.377
0.0469824
-4.64737
-8.64843
-9.09298
-8.78516
-10.4284
-13.5468
-16.5428
-20.7065
-17.2847
-16.4243
-18.4588
-21.3663
-22.1177
-22.33
-22.8449
-20.5729
-17.2161
-16.3151
-17.9925
-20.0857
-20.9966
-22.1028
-23.9807
-24.7641
-23.762
-22.0087
-18.7712
-14.7801
-12.6606
-13.6648
-17.6199
-21.7328
-21.4037
-17.5994
-14.0919
-12.6444
-13.0381
-13.2109
-12.1103
-11.6053
-13.1972
-16.5994
-19.19
-15.5318
3.19518
16.3691
29.1485
37.9223
43.5142
46.4868
47.4121
47.4165
48.0166
49.2599
49.3032
46.7834
41.647
38.9085
42.6357
46.6443
48.6531
48.0683
45.1164
40.8888
37.4852
36.2524
37.0516
38.7348
39.6845
39.2216
36.8816
32.8219
30.4036
31.4734
32.0277
30.3377
27.9541
26.731
25.1946
22.8123
19.1861
17.7346
18.5827
18.6938
17.5656
17.4199
18.1741
19.3879
21.5302
25.4651
30.975
35.691
37.6476
36.3351
32.1332
28.0113
27.7524
29.2343
30.8745
32.9408
34.1148
32.9528
29.383
27.2046
30.9712
35.3511
37.8816
38.9011
38.7588
37.1873
34.497
32.4583
31.3366
30.1502
29.7269
29.6595
27.3476
21.2448
11.2137
0.907607
-3.10187
-4.57177
-6.93797
-10.8897
-15.3281
-21.4054
-18.1729
-15.7992
-15.6139
-14.4741
-12.3413
-12.5356
-16.1405
-20.6844
-20.923
-20.053
-21.2825
-24.0455
-25.6481
-24.7534
-23.3982
-22.1956
-20.5247
-18.6403
-17.8024
-17.8487
-17.5999
-17.2555
-18.3056
-21.2263
-24.8549
-26.8289
-26.139
-24.2661
-22.7834
-22.044
-21.1598
-19.6073
-18.7798
-19.7645
-20.8663
-15.259
6.84698
21.9119
33.9585
42.1376
47.8471
50.8284
51.468
50.9817
51.2572
52.8635
53.8081
52.5902
49.1995
46.8395
49.6059
53.1756
54.0448
51.6013
46.0513
39.3957
35.2727
32.865
31.5366
32.2212
32.3485
30.2348
25.5869
18.4058
13.5993
16.6923
20.3047
21.5509
20.5098
17.7783
14.5689
10.9644
8.35244
7.07663
6.28986
6.4473
7.44946
10.2763
11.9128
13.6888
17.3362
21.9794
26.2237
29.3626
31.1544
31.095
29.2318
26.7346
25.8464
26.4385
26.0559
23.9492
21.1355
19.0051
18.8588
23.5866
30.2679
34.3256
35.7839
35.9142
35.7204
34.8686
33.292
31.8345
30.2173
27.8523
26.5338
26.6069
24.8174
19.303
9.98673
-0.210695
-7.94238
-15.0652
-20.644
-25.2349
-28.0795
-20.5559
-21.1719
-22.7127
-23.6305
-21.4462
-18.4632
-17.9584
-20.945
-26.0979
-28.184
-27.2601
-27.4922
-28.7189
-28.4601
-26.1473
-23.3612
-21.4239
-20.2546
-18.6186
-17.1585
-17.5305
-19.4224
-18.9655
-16.3001
-15.8109
-18.477
-21.3305
-19.4088
-16.9117
-17.1197
-19.6902
-22.7592
-24.8891
-26.6471
-27.2777
-24.174
-13.3981
-1.64538
13.6537
26.3152
34.9351
40.008
41.639
40.3426
36.7807
31.8461
26.5195
22.029
17.9532
17.5146
17.9169
15.7411
11.8362
9.34076
11.6187
13.6332
13.8042
12.7946
12.8337
12.6062
14.2691
17.0063
18.126
17.7797
17.89
18.5005
16.6434
11.8887
6.68453
5.43136
6.26804
5.13627
2.92398
-1.09889
-5.06216
-7.99012
-4.66731
-0.240417
4.45483
6.55466
7.86739
10.0362
14.3969
18.753
22.7361
25.4619
26.0083
23.6646
18.4524
12.6804
9.74903
8.53626
7.74976
8.42123
10.7656
14.7427
19.2039
23.2368
26.3927
28.6176
29.3547
27.8514
23.7497
17.5381
10.5566
2.77283
-5.09166
-11.7056
-14.3808
-13.9784
-14.1448
-15.3875
-14.3151
-11.4676
-10.8783
-13.3116
-18.1832
-22.3963
-24.7972
-26.7157
-28.6573
-25.712
-19.7886
-15.6995
-14.7188
-17.0652
-22.247
-27.0123
-28.3204
-28.933
-29.8936
-30.0937
-28.8903
-26.1814
-23.3884
-22.3823
-22.9513
-24.1018
-24.9283
-25.8715
-26.8697
-27.2562
-25.4148
-22.3095
-20.6727
-20.9771
-21.6642
-21.2815
-20.5816
-20.5692
-21.2871
-22.2202
-23.3904
-25.1807
-15.8431
4.61561
22.8215
36.409
45.0899
50.0478
51.4541
49.6002
45.1472
40.0954
36.4984
33.4168
31.1301
30.6069
28.729
23.2261
14.5211
7.31427
8.83863
10.6231
10.1998
7.46465
4.52334
1.4258
3.68601
8.32264
13.2452
18.2828
21.3695
21.456
18.3856
13.184
9.9101
10.6685
10.5933
7.93259
5.15437
2.73177
0.484993
-2.15185
-3.43276
-3.73123
-3.57179
-4.20749
-2.21595
-0.00359324
0.813838
2.15875
4.95033
8.82124
10.903
10.1049
6.18206
0.371369
-3.79804
-5.58358
-5.48399
-4.96802
-3.61787
-1.03815
2.9478
6.65169
9.63387
12.0587
13.4387
12.9474
9.83444
3.77174
-4.55506
-8.69377
-6.61219
-5.72162
-8.08646
-14.0906
-22.2995
-26.3249
-21.336
-16.4356
-14.5912
-15.6887
-18.5233
-20.6852
-23.2878
-27.9803
-33.4508
-27.3871
-20.0308
-15.5938
-13.8341
-14.4616
-16.9249
-18.8933
-18.1863
-17.0763
-17.5364
-19.0615
-20.018
-19.977
-19.8124
-20.0539
-19.7906
-19.3052
-19.9129
-21.9521
-23.856
-23.1015
-21.6186
-22.0134
-25.1057
-28.8532
-26.9531
-21.9851
-19.4449
-19.8578
-22.5212
-26.2223
-29.8134
-31.072
-25.3717
-4.24268
10.8802
18.8839
21.7115
22.0581
20.9747
19.8716
17.3999
14.8179
14.4724
15.7805
16.879
17.3312
15.05
10.2925
6.88726
8.01509
7.40612
5.002
2.05423
1.0687
3.31951
2.70199
0.67387
-0.642716
-0.0295278
-0.34997
-3.28117
-7.72051
-10.679
-12.997
-15.4544
-14.3797
-11.4476
-13.0354
-12.0633
-11.776
-10.0924
-10.6261
-10.8003
-10.8708
-7.28296
-2.93978
2.3172
3.90514
1.93494
-2.77296
-7.72498
-9.78302
-10.4197
-11.1531
-12.1685
-14.2507
-14.9824
-10.9889
-6.6523
-4.52801
-5.08703
-6.83301
-6.03296
-1.99829
0.278808
-0.0594311
-1.2772
-1.95628
-3.81067
-7.47929
-7.97165
-4.13304
-1.62047
-2.65767
-7.77771
-17.7608
-32.6417
-37.7299
-32.4452
-27.7337
-24.837
-23.1401
-22.5619
-23.5523
-24.8304
-29.0829
-29.8936
-23.3549
-17.2663
-14.0593
-13.6917
-16.013
-20.4876
-23.8749
-22.0992
-18.9526
-17.9598
-19.4171
-21.5453
-21.2305
-19.6439
-19.6883
-21.6762
-24.2893
-25.5003
-25.4877
-24.4828
-23.0467
-22.8758
-25.3799
-30.3378
-34.4894
-34.7925
-33.2577
-31.1944
-29.4088
-28.7443
-29.1399
-29.5684
-30.0815
-29.1802
-21.6194
-11.9041
3.3674
7.27933
12.3301
14.3653
14.7127
15.5395
16.7691
19.5139
23.3366
24.5325
24.2786
22.5714
21.6089
21.5433
20.1786
16.6931
12.812
10.8355
12.0555
14.0846
13.7209
11.0503
5.58577
-1.11832
-4.15551
-5.42339
-6.9099
-6.12194
-7.25183
-5.50269
-3.20928
-2.63107
-7.74175
-13.8563
-22.1027
-13.2034
-7.49807
-4.909
-5.62702
-8.18417
-15.8149
-20.3747
-22.4631
-22.6716
-21.5231
-21.1767
-21.0651
-20.1005
-18.0597
-16.1575
-14.762
-13.8575
-13.607
-15.3591
-19.3892
-23.7121
-20.5628
-17.6085
-16.5447
-17.3398
-18.1322
-16.4621
-14.3191
-13.4077
-14.3976
-16.891
-17.8901
-16.1738
-14.9804
-16.3626
-19.9327
-21.7757
-19.7458
-18.5985
-20.134
-23.7485
-24.7005
-21.5752
-19.6845
-28.8052
-30.7338
-30.7937
-25.9838
-21.4207
-19.4284
-20.2365
-23.1859
-26.4312
-27.7613
-27.51
-27.0181
-27.1516
-27.7758
-27.3565
-25.7404
-24.5072
-24.8672
-27.0013
-29.3416
-28.9028
-26.7755
-24.466
-21.0133
-18.1383
-17.8502
-20.2274
-22.8767
-23.0213
-22.6943
-23.9578
-26.1191
-27.4753
-27.4616
-26.6908
-25.7929
-23.2826
-21.483
-14.113
2.71288
11.9008
18.2015
19.7718
17.9054
14.4024
11.6565
10.1138
9.55455
6.9253
7.02696
5.72262
3.16371
1.19446
3.33839
6.31514
8.53265
8.48813
6.75907
5.5927
4.31732
3.52717
2.62379
-0.214839
-3.03436
-4.81453
-5.41777
-4.09265
-4.54698
-4.49334
-4.16309
-4.73361
-10.7143
-12.4079
-14.1267
-10.4221
-11.376
-11.9263
-14.1244
-13.6067
-19.466
-22.8603
-23.1685
-24.936
-25.8571
-28.4826
-27.1151
-23.7998
-21.9893
-21.1527
-19.3796
-16.3385
-14.6452
-15.4912
-18.9268
-23.3714
-21.4929
-21.5483
-19.0721
-13.4113
-5.41164
-0.0167927
1.94837
0.683247
-2.7284
-6.05897
-7.22385
-8.05127
-10.9803
-15.1493
-18.4989
-19.6915
-20.2824
-21.0421
-22.2977
-23.44
-23.8193
-23.6545
-24.6365
-31.6671
-32.0675
-30.2053
-27.3226
-24.4437
-20.5197
-16.5487
-14.5349
-15.1473
-18.154
-22.7502
-27.7195
-30.5287
-30.8814
-30.1499
-28.1399
-25.4588
-23.7228
-23.7195
-25.3288
-26.8316
-25.8796
-23.4974
-22.0023
-22.032
-22.7084
-22.9292
-23.0085
-24.1303
-26.6266
-29.0015
-29.4961
-27.7907
-26.0228
-25.4549
-25.3726
-20.436
-12.1224
2.96891
16.0009
23.611
27.686
28.1955
25.6727
21.2661
17.7046
18.2585
21.3316
24.7746
26.7753
25.7309
21.1754
14.7488
16.6969
23.2905
26.2747
25.0598
20.3836
15.1495
12.5026
11.0699
9.03419
6.29206
4.60222
6.6723
9.22981
10.2981
10.9957
10.8278
8.48933
3.8142
-2.06487
-6.42043
-6.80855
-5.39102
-5.12602
-6.9327
-11.4126
-13.9956
-23.3326
-26.4589
-25.3612
-23.7527
-18.8556
-12.9325
-5.99461
-1.05722
0.76258
-0.18216
-2.29936
-1.82791
0.570698
1.22657
-1.12985
-5.33748
-5.68263
0.304924
6.37301
10.0706
10.6561
8.14898
4.5373
5.16641
7.39445
6.85817
4.1424
3.20433
4.31359
3.92583
1.12614
-3.12498
-7.56669
-12.2579
-17.2304
-22.1342
-25.3936
-26.7353
-27.4586
-29.6274
-31.0938
-31.7126
-30.2365
-26.5663
-22.8029
-21.0699
-21.8376
-24.6957
-28.6785
-32.4922
-31.8806
-26.7943
-22.5828
-21.6138
-23.9455
-28.5889
-31.9768
-30.4809
-26.8094
-23.6938
-21.9286
-21.6311
-22.7553
-24.967
-25.9071
-22.9962
-20.3213
-20.4664
-23.6501
-28.1062
-28.9846
-25.616
-22.561
-22.0261
-23.8683
-22.7888
-14.8565
1.59787
14.6637
22.4124
26.5869
27.3179
25.6279
22.9566
22.1406
23.5742
24.3864
22.6273
20.2879
17.4611
13.4957
9.83266
10.6299
14.0975
14.8777
12.3293
7.97939
5.13335
2.91778
3.86029
5.86856
8.50294
10.3119
10.3627
8.47731
5.99088
2.75262
-0.801712
-3.95505
-3.45968
-5.51718
-8.81643
-14.2032
-18.4679
-22.8095
-27.2534
-27.7854
-19.2778
-25.4237
-26.2112
-26.8082
-23.0203
-15.2529
-10.9714
-7.62668
-5.31708
-4.70732
-6.26392
-9.15102
-8.83905
-4.8949
-2.6462
-3.30241
-5.82038
-7.2885
-3.80964
2.16055
6.41666
8.60143
9.61837
10.3768
10.9457
10.6826
9.57591
8.52118
8.44307
8.04227
5.64185
0.860972
-5.59425
-11.3621
-15.5499
-17.8966
-19.4099
-21.0701
-22.3152
-22.7999
-29.1714
-28.1677
-26.806
-25.999
-26.373
-27.2964
-26.6253
-24.9416
-24.9734
-27.7797
-32.5821
-35.6695
-34.8961
-32.5606
-30.7888
-30.9658
-32.9056
-34.0906
-30.8155
-25.703
-22.613
-22.2311
-23.8113
-25.1174
-25.2288
-24.3922
-21.7882
-19.5061
-19.8714
-23.4447
-29.0092
-33.2999
-33.9957
-31.3791
-28.0194
-25.8728
-21.0277
-2.61605
13.0236
23.6161
29.8611
33.2088
33.7296
31.4984
27.1757
22.9677
21.659
22.3181
22.2543
22.0161
20.0109
15.9059
12.8646
14.7464
17.5235
18.7228
19.063
19.2347
18.772
17.3013
16.2935
16.319
18.8553
21.9487
23.8181
23.9943
22.7487
20.2889
17.6213
16.0099
14.6576
10.4955
5.29164
2.70162
3.78236
5.5216
5.60586
2.9637
-2.34393
-12.7187
-22.5806
-22.9484
-21.167
-15.3278
-8.59017
-2.66732
-0.011849
-1.21053
-6.06711
-13.4472
-19.171
-21.8239
-24.5301
-26.1865
-20.2316
-8.07627
-0.148585
5.86517
10.5425
13.4785
14.4634
14.1201
13.2856
11.7066
8.28374
2.86059
-2.58657
-5.81402
-7.99491
-9.90309
-12.6366
-17.103
-21.7172
-22.4313
-21.6627
-20.8662
-19.4611
-19.1343
-24.0277
-24.7414
-25.6476
-26.0872
-26.269
-27.2799
-29.4296
-31.1445
-30.8367
-29.8194
-29.4809
-29.6536
-29.9908
-29.2198
-26.8519
-25.276
-25.913
-27.7707
-27.8148
-26.1797
-25.6116
-27.1579
-29.8896
-30.7626
-29.0944
-27.7801
-27.879
-28.529
-28.1149
-27.8208
-29.1707
-30.6954
-30.2265
-29.191
-28.5088
-27.18
-20.3714
1.22454
23.5563
37.7362
46.3469
50.661
51.5822
49.6632
45.4285
39.4333
33.462
33.5762
38.6697
41.5958
40.719
36.517
33.2904
34.5722
36.2483
36.3039
35.9933
36.6968
38.1388
39.6808
40.5427
39.8973
37.8228
35.7735
34.23
32.3701
31.5996
33.0119
34.1522
32.9774
28.9401
23.9059
23.4021
25.0393
24.0074
21.0779
19.8105
20.7998
20.6984
18.33
13.8684
8.99312
5.94502
5.38892
7.69832
11.4787
13.5408
12.3246
7.3733
0.0864611
-4.54894
-6.28971
-8.32488
-10.8456
-8.12315
1.72973
11.0782
16.0549
17.4038
16.5859
15.2739
14.0624
12.7738
11.7849
10.4839
8.44006
6.01427
3.49917
1.46141
0.950767
0.0555056
-2.94438
-7.99271
-14.5416
-21.9106
-27.1687
-30.91
-33.0524
-23.4856
-22.7283
-23.6434
-24.7371
-25.0516
-25.9105
-27.5939
-27.2054
-25.1971
-24.7322
-26.3223
-27.697
-27.4233
-27.194
-27.3452
-27.7285
-28.2219
-27.8912
-24.9557
-21.5918
-20.4461
-22.0074
-25.5684
-28.7228
-29.1696
-27.1597
-24.7524
-23.3935
-23.34
-24.4144
-25.674
-26.0555
-26.0842
-25.7026
-24.333
-23.6826
-16.5694
7.35017
24.8136
36.9481
44.0799
48.087
49.1957
47.6586
43.8981
39.2218
36.7541
40.2172
45.5066
48.3156
47.6046
43.6825
40.075
41.6174
43.7049
44.586
46.3936
50.373
54.4306
57.1958
57.8539
55.9054
51.1281
44.0367
37.925
36.7397
38.572
40.2161
41.7274
42.4088
40.981
37.9569
36.025
34.8691
31.8649
27.748
25.5769
24.5938
22.5035
18.8016
16.0799
15.6474
14.8986
13.754
14.0381
14.7859
13.6244
10.3738
7.64345
9.6176
12.9225
13.6692
11.2271
6.23655
2.85889
5.82903
11.9999
16.3651
17.7383
16.4051
13.253
9.13173
3.37223
-3.58562
-7.49971
-6.13002
-5.25264
-6.78947
-7.93092
-6.4041
-5.74103
-8.26784
-13.6916
-19.2925
-21.8432
-21.6778
-20.1837
-19.4386
-15.6458
-19.8338
-19.4498
-17.3027
-16.9843
-19.4156
-24.3114
-27.7067
-24.986
-21.406
-20.29
-21.5652
-23.6684
-24.3723
-24.6798
-26.4308
-28.6609
-29.3961
-29.1018
-29.1471
-27.7744
-25.1209
-22.9337
-21.5477
-21.155
-22.1636
-24.5933
-27.0708
-28.3285
-28.6399
-28.1902
-27.4964
-27.356
-28.0291
-28.6912
-28.489
-16.2736
-1.10044
21.8978
35.9969
45.0685
49.8805
51.2569
49.8762
47.1651
46.534
49.6645
52.7155
53.5886
52.6321
51.2464
51.3058
52.8988
53.9838
52.9748
49.5764
45.5098
44.5832
45.946
46.4176
45.5818
45.4943
46.6764
46.4711
43.264
37.8261
35.3251
36.813
38.1032
37.6319
34.9863
30.6855
27.7162
27.706
26.9929
24.567
21.3428
18.3431
16.8524
17.2121
17.974
17.0272
13.3228
7.49672
5.06506
7.4833
8.82746
7.31176
3.2619
-0.662475
-0.0662602
1.69398
0.844331
-3.33806
-8.17597
-2.37178
6.14919
10.8748
11.5496
8.68731
3.69586
-0.332462
-2.89436
-5.98371
-10.8455
-17.7368
-23.4916
-22.5774
-19.0052
-17.3177
-18.1736
-21.5901
-26.3021
-29.0553
-28.6986
-26.4202
-24.4673
-24.1039
-13.5524
-19.4186
-23.7414
-24.5444
-24.5228
-25.0155
-25.7209
-26.6223
-27.7771
-28.7627
-28.9406
-28.5833
-27.011
-22.1548
-16.6578
-13.5356
-13.6342
-17.0692
-23.3285
-28.9859
-27.8079
-22.8074
-18.4798
-16.5487
-17.3006
-20.1469
-23.9925
-27.6122
-29.7569
-29.3806
-27.8788
-27.1486
-27.5095
-27.9818
-27.6948
-27.3065
-22.2846
-3.12779
12.6635
24.5339
31.2368
34.4912
34.6391
32.3449
29.2133
30.4906
35.5692
41.5081
45.8316
47.6082
46.6981
43.5509
39.3258
36.849
36.6253
36.2483
35.9356
38.0304
40.7651
42.0269
41.5905
40.104
38.1711
35.9927
34.1364
33.0864
32.2899
31.7387
31.3274
29.6683
25.6459
19.811
14.8167
11.2603
7.20909
3.26226
3.19023
6.6329
11.3433
14.0651
14.5708
13.0982
10.8865
8.61563
6.04889
3.91056
2.0931
-0.354459
-4.57893
-9.40171
-11.3161
-9.04303
-7.58726
-8.46769
-8.27709
1.03655
9.79408
13.9922
13.8105
9.42565
1.26537
-7.74876
-14.3019
-19.4784
-23.23
-24.9361
-23.5394
-21.9315
-22.3791
-25.0679
-27.9646
-27.8788
-26.2529
-25.8042
-27.2904
-28.0181
-25.4079
-21.9765
-16.29
-17.4132
-16.617
-15.4142
-15.8828
-18.7784
-23.6374
-27.3626
-25.6937
-22.9118
-22.6149
-24.5381
-25.3055
-23.124
-21.1269
-20.6075
-20.859
-20.1078
-18.4929
-18.3968
-21.3572
-26.733
-28.5569
-25.9476
-24.5148
-25.0516
-25.3704
-21.5294
-16.2723
-13.51
-13.8704
-16.7586
-20.051
-21.269
-21.4058
-21.7684
-20.7373
-16.0218
2.6154
16.8952
25.1067
29.1572
29.6338
27.474
24.9469
25.8349
29.3057
32.1748
33.6249
34.2737
34.253
33.1953
31.2046
29.7141
28.6665
26.4752
22.5384
19.6955
21.1534
24.6172
27.1025
27.9671
26.618
23.6284
20.4167
18.4592
16.2587
12.604
8.04701
5.71
4.67978
1.76931
0.0364999
-1.07411
-1.25204
-4.32656
-7.01436
-7.86013
-6.19163
-7.18765
-8.67254
-9.53281
-7.86861
-6.77416
-8.42239
-12.408
-16.9928
-19.4956
-20.0323
-19.3081
-16.6286
-13.8695
-12.2129
-11.4309
-9.09169
-2.7978
3.79308
8.22255
9.56502
7.63668
2.36805
-6.10523
-16.5637
-25.6615
-30.5948
-31.3037
-30.6346
-28.3915
-26.7181
-27.2394
-29.0986
-29.714
-28.6186
-27.6572
-28.003
-29.5999
-29.5146
-25.1883
-21.0585
-22.5138
-21.0149
-19.4631
-19.5661
-21.5545
-25.1058
-27.4891
-24.4969
-18.6467
-14.9104
-14.7233
-17.8748
-22.2754
-24.2167
-25.1201
-26.5462
-26.9282
-25.6111
-23.9385
-23.413
-24.4781
-26.1318
-26.2415
-24.8581
-24.053
-24.4392
-25.2637
-25.687
-26.3143
-27.7505
-29.477
-28.5768
-25.0375
-23.2276
-24.4828
-25.3097
-19.7698
-12.9494
-2.75121
-0.640579
2.23232
1.88312
1.8943
2.65337
4.41479
6.14468
8.3367
8.78148
9.77103
9.16028
8.76916
7.10403
8.45688
10.7114
11.8267
12.2726
14.3603
17.3138
18.4166
17.108
13.7278
9.15208
3.76621
-1.39613
-2.66997
-0.404998
-0.980849
-2.55577
-4.46483
-4.69513
-4.32265
-3.65942
-5.68782
-7.2845
-11.1033
-12.9158
-13.7768
-13.9417
-18.6112
-18.6184
-16.5807
-15.476
-15.4034
-15.2954
-13.5301
-12.9971
-14.7734
-18.364
-21.2081
-21.0653
-19.3113
-16.4201
-14.1204
-13.8452
-14.5686
-13.7819
-11.0067
-9.06961
-9.03332
-11.2823
-16.0575
-22.7153
-23.2245
-20.0791
-18.0663
-19.0226
-22.7335
-26.6092
-27.3921
-26.2558
-24.5072
-23.3832
-23.643
-25.4436
-28.7423
-32.2178
-31.9012
-18.4028
-18.9452
-19.3514
-19.6577
-20.8388
-22.9964
-24.7474
-23.8635
-19.5751
-15.1773
-13.1553
-14.0914
-17.6604
-21.6972
-23.1439
-23.0945
-23.4856
-24.3967
-25.7178
-27.4878
-28.319
-27.2135
-25.5277
-23.8536
-22.5411
-22.519
-24.1587
-25.6865
-25.4341
-25.0476
-25.6038
-26.7685
-27.9323
-27.8204
-26.1052
-24.9944
-24.5662
-23.2391
-23.1877
-7.72154
-9.6198
-5.72398
-6.14032
-4.93571
-4.40196
-2.74082
-1.97629
1.94291
4.25838
7.42587
8.0952
8.45823
7.1671
6.37371
5.87644
7.4551
9.22948
9.97123
10.0063
8.83
5.98091
2.11977
-1.58085
-3.41375
-3.21613
-2.0297
-1.98956
-5.9513
-11.0241
-12.5264
-7.56612
-4.52036
-1.87503
-2.25882
-3.822
-8.61867
-14.2291
-18.5369
-17.226
-21.6742
-21.9166
-23.6696
-23.9684
-22.3826
-21.0178
-19.2907
-19.74
-21.0727
-21.2761
-20.4421
-18.7728
-16.1314
-13.1959
-11.538
-12.1996
-14.5424
-16.0322
-14.201
-11.9453
-11.4671
-13.3078
-17.3236
-21.5896
-20.4869
-15.2752
-12.037
-12.1021
-15.2354
-19.9736
-23.1097
-22.436
-20.3688
-19.9124
-21.537
-23.219
-23.4199
-24.2031
-26.2375
-25.3236
-23.9782
-23.9626
-25.2922
-27.3293
-27.9708
-26.7987
-26.5047
-27.7536
-27.9151
-25.3877
-22.7778
-21.6578
-22.0559
-23.5004
-25.4444
-26.8112
-26.5672
-25.5571
-25.2719
-26.0915
-27.1198
-26.9063
-26.3106
-27.2625
-29.9707
-31.7699
-30.8778
-29.4468
-27.7729
-25.7334
-24.3169
-24.8151
-27.3319
-30.1967
-30.9696
-28.8423
-26.72
-25.687
-8.46157
-13.9673
-10.7801
-13.3964
-12.9772
-13.3533
-10.123
-10.2475
-3.20469
2.38966
8.05685
10.5612
11.4964
10.6231
9.58386
7.91542
6.07263
5.80328
6.92922
7.0411
4.43838
-1.27122
-7.22827
-12.8545
-11.2394
-6.42301
-1.58912
2.2219
3.39269
2.78905
0.00523016
-3.54736
-9.76434
-11.9692
-15.405
-13.8618
-16.6074
-16.2644
-14.6539
-13.3189
-17.771
-22.2283
-26.0521
-25.9363
-25.5409
-27.0596
-27.4633
-29.1441
-30.0982
-29.857
-30.2742
-30.1569
-29.7759
-27.5085
-24.9847
-23.3797
-21.5012
-21.1444
-20.0197
-18.8934
-17.9263
-17.4814
-17.4584
-17.175
-16.8953
-17.6759
-19.0412
-19.9279
-20.8347
-22.3602
-23.7167
-23.478
-22.2427
-21.6545
-22.5371
-24.0769
-24.8685
-24.9904
-24.9606
-30.4698
-30.826
-29.7138
-27.4595
-25.7022
-25.3634
-26.3077
-28.0761
-30.2517
-31.2811
-30.0793
-28.5358
-28.3643
-28.8781
-29.015
-29.0754
-29.3656
-28.5554
-25.9354
-23.6921
-23.8872
-27.1857
-31.9181
-33.168
-31.8969
-30.5671
-27.9701
-25.8205
-25.949
-27.8759
-29.3789
-30.1006
-31.2306
-32.009
-31.5463
-30.3897
-27.3114
-24.2738
-21.5594
-8.3944
-9.83678
-2.7837
0.265831
1.67195
-0.123642
-4.04267
-11.0385
-6.79596
-3.36338
-0.0114304
-0.549668
-1.07177
-4.34508
-4.92977
-4.84387
-3.80269
-4.62705
-5.02712
-2.57773
-1.61244
-1.68647
-1.74703
-3.9098
-5.71931
-5.95601
-3.96088
-2.07138
-1.23465
-0.456344
-0.699975
-2.40139
-7.15111
-9.89709
-11.5723
-11.1848
-15.3147
-17.3172
-16.4977
-14.7122
-18.1899
-21.121
-24.5022
-25.3908
-24.687
-26.0707
-26.654
-28.6734
-29.7425
-26.0552
-20.038
-16.1464
-15.1605
-15.7478
-16.5509
-17.7905
-19.9079
-22.6202
-23.647
-22.9278
-19.2974
-14.254
-10.5989
-9.38525
-10.513
-13.2701
-16.1797
-18.3853
-19.7106
-20.3683
-21.0377
-22.627
-25.1023
-27.5326
-29.0799
-29.2988
-27.7104
-24.3809
-21.4949
-27.8939
-25.1432
-23.3094
-22.7681
-23.3464
-24.6241
-26.0869
-27.6313
-29.3412
-30.7515
-29.9664
-28.1949
-27.3524
-27.3043
-26.2019
-24.2413
-22.4254
-19.9803
-17.8675
-17.6944
-19.5197
-21.8516
-23.5068
-25.2554
-27.1367
-28.8419
-30.3445
-30.0172
-28.143
-26.8712
-26.5686
-25.5262
-23.3218
-21.5236
-21.3232
-22.6221
-23.6716
-23.8657
-17.5778
-1.09071
7.86259
13.7505
15.0435
13.1328
11.3087
14.1207
17.3362
17.9986
15.1566
9.66437
2.15737
-0.574908
-2.21666
0.099341
1.72826
2.69417
2.79572
4.4629
6.40617
5.7595
2.5232
0.609918
0.931741
1.74091
0.950784
-0.123302
-0.15376
-0.237512
0.683847
1.09365
0.314248
-2.90395
-5.38908
-7.74485
-9.21325
-13.6654
-19.0815
-22.3698
-18.4393
-18.9082
-17.3281
-17.8371
-18.469
-19.2813
-20.8308
-20.4613
-20.2339
-20.8253
-22.2845
-23.3115
-22.606
-22.1511
-23.1676
-26.0287
-28.6849
-29.1098
-29.5242
-28.2253
-23.8015
-16.256
-9.78314
-5.84103
-4.59003
-5.92166
-9.65833
-14.7525
-18.5171
-19.6378
-20.6793
-23.1804
-26.35
-28.0176
-28.2591
-28.8925
-28.9467
-26.2183
-23.3495
-22.5229
-19.2056
-19.9089
-21.3282
-23.6869
-25.7617
-24.2914
-21.0624
-20.0133
-21.7905
-23.2907
-20.2318
-16.9586
-16.6215
-19.3862
-23.5852
-25.172
-23.7711
-22.3157
-22.3127
-23.9446
-26.2226
-27.8734
-29.1837
-29.0007
-26.8242
-25.5674
-26.7014
-28.7676
-28.7902
-27.331
-25.4225
-22.3494
-19.5481
-18.8833
-19.9841
-20.861
-20.3459
-21.4583
-16.1982
-0.68639
8.21074
14.4389
16.05
14.2165
12.4719
15.6232
19.6729
21.2324
19.3719
14.428
6.85205
2.21893
0.765154
3.78436
6.55394
8.03992
7.65736
6.24417
3.99935
-0.508004
-6.36703
-7.88235
-6.5287
-5.48623
-6.01623
-6.17039
-3.88974
-3.39373
-2.17555
-1.16508
-0.499917
-1.76796
-2.9125
-5.2571
-6.6186
-7.97156
-5.153
-2.92247
-2.88245
-6.49423
-11.0196
-14.8934
-17.0736
-16.2933
-13.1356
-8.01236
-5.00034
-5.16353
-8.2115
-12.5219
-15.9787
-18.5113
-20.7712
-22.538
-24.499
-24.6757
-24.0939
-22.8694
-22.3611
-19.6981
-14.6448
-9.97902
-6.86748
-6.14036
-8.34258
-13.8286
-21.6313
-25.7758
-25.5987
-25.6247
-25.552
-24.9753
-24.5775
-24.4397
-24.9464
-26.7299
-29.7671
-32.2599
-21.1893
-20.8414
-22.5756
-24.5568
-25.008
-24.6547
-24.5402
-25.2744
-25.2009
-22.3938
-20.3105
-21.0422
-23.5583
-25.03
-24.7531
-24.2141
-23.9934
-24.3072
-24.3296
-23.7104
-22.7818
-22.1393
-22.584
-23.5684
-22.8435
-21.0583
-20.2339
-20.1125
-19.6036
-18.708
-18.7659
-20.6777
-22.7858
-22.2858
-21.3963
-22.5502
-23.5765
-22.3294
-17.7039
-4.93134
-1.34698
2.75115
3.38929
2.27417
2.22127
4.69657
7.12456
8.34381
6.81505
6.92172
8.48899
10.0559
9.88312
7.49488
2.89846
-1.14926
-3.8624
-5.07295
-6.44374
-10.9564
-16.69
-18.5782
-21.8144
-20.4769
-16.8392
-12.8438
-10.2546
-15.1938
-20.2305
-22.8829
-18.7764
-22.4853
-19.3133
-18.9968
-14.4145
-14.3575
-13.5101
-12.5959
-11.5933
-14.7538
-18.2244
-23.0848
-26.8304
-28.4168
-29.9956
-28.1441
-26.9116
-25.3236
-22.799
-20.0333
-18.0643
-17.1026
-17.109
-17.7141
-19.1917
-20.4483
-22.0719
-23.0912
-24.3596
-25.4562
-25.9162
-25.9998
-24.9412
-24.0347
-23.308
-22.3719
-22.2633
-23.6255
-24.9834
-24.3639
-22.4733
-21.3939
-22.3839
-25.1958
-27.7469
-28.0063
-27.4588
-25.5304
-34.1759
-33.4631
-30.141
-26.5473
-24.3582
-24.2245
-26.1557
-29.3041
-31.2819
-30.3768
-29.1433
-29.7446
-31.9105
-33.5947
-32.3382
-29.4246
-27.2245
-25.6493
-23.4058
-21.527
-21.3594
-22.9144
-24.9506
-26.1878
-25.8401
-24.1485
-23.0834
-23.7088
-25.5279
-26.2478
-25.1795
-24.5652
-24.9433
-24.7915
-23.7508
-23.7797
-24.4017
-26.4581
-27.1781
-11.0739
-16.5023
-11.8235
-13.8688
-15.3283
-16.646
-16.4239
-14.8965
-6.94545
-5.5181
-3.21427
-6.58155
-9.49553
-15.9565
-15.9536
-14.4586
-7.81649
-5.29872
-5.4017
-6.79804
-9.4833
-10.3226
-8.96861
-10.3088
-13.1193
-15.5426
-13.1683
-9.83429
-12.8785
-17.7967
-22.051
-18.5817
-24.7009
-21.9589
-23.0792
-16.9255
-16.5021
-16.2428
-17.6499
-17.25
-21.1724
-20.5101
-21.4639
-21.6433
-21.7669
-24.6184
-25.8437
-24.3105
-21.0244
-15.517
-9.42442
-5.70537
-4.86652
-6.35563
-9.06321
-12.4237
-16.4331
-21.967
-25.2643
-26.4268
-26.5121
-26.0797
-25.7748
-25.9234
-26.3923
-26.6892
-26.176
-25.5258
-24.4179
-22.9642
-22.4522
-23.6709
-25.7387
-26.1579
-24.9615
-24.3347
-24.9549
-26.1198
-26.9168
-28.7046
-27.7738
-28.3422
-29.3128
-28.9887
-26.3708
-23.3532
-22.1051
-23.1618
-25.6884
-27.6989
-28.4419
-29.4973
-31.7689
-33.5016
-32.8014
-31.7724
-31.6308
-30.9577
-29.5886
-29.2325
-30.0198
-29.6011
-27.8753
-27.4189
-29.413
-33.0452
-34.4797
-32.1751
-29.8608
-29.3009
-28.7643
-26.0981
-22.698
-20.9035
-21.4273
-22.9769
-24.7165
-25.3102
-10.0293
-8.33752
-2.12508
-0.642317
-0.679197
1.38886
7.21573
12.039
13.7777
11.6717
7.25114
3.14628
3.56525
5.39112
6.83782
6.1238
4.39553
2.97344
3.05183
3.55825
2.64389
1.38736
0.375134
-1.37445
-4.82492
-9.17958
-11.1272
-10.5182
-15.857
-20.632
-22.6104
-18.6891
-22.5265
-20.0555
-21.3119
-17.2191
-17.7868
-16.9307
-12.2878
-5.08169
-1.13814
0.147884
-1.49935
-4.81376
-8.03956
-11.7564
-14.6607
-14.2334
-12.0922
-11.0597
-11.0495
-11.3315
-11.9639
-12.9888
-14.2266
-16.1557
-18.8998
-23.2447
-24.5748
-22.219
-19.1739
-18.1084
-19.626
-22.3782
-23.064
-21.6414
-21.1718
-23.0228
-26.2192
-26.5766
-24.322
-23.1893
-23.584
-24.3138
-24.7836
-25.9916
-28.093
-29.8198
-29.6539
-32.8169
-30.7859
-29.689
-29.9521
-30.8175
-29.2926
-25.5417
-23.5181
-24.3466
-27.034
-29.4962
-31.0499
-32.3843
-32.8773
-32.5568
-31.7011
-30.7819
-29.9435
-29.1798
-28.6585
-28.705
-29.3287
-29.2297
-27.5248
-25.6344
-25.7418
-28.5288
-32.1301
-32.303
-30.5151
-28.8876
-25.8962
-22.5957
-20.274
-19.3334
-20.0241
-21.7043
-22.0796
-10.1644
4.57007
12.2627
16.6811
17.1336
15.2023
13.6567
15.6051
18.5253
19.4201
16.9465
12.0228
9.73525
13.0845
15.5729
16.0401
14.2464
11.3915
8.12889
5.72199
5.09528
4.06299
3.06874
2.37144
0.814096
-2.42721
-5.12906
-2.02195
2.90169
5.29363
4.90273
1.81222
-0.0622276
3.604
8.13486
9.28315
7.76133
4.73115
3.91914
5.69395
8.24308
9.97728
9.93616
7.2301
2.32254
-2.24277
-5.76717
-9.99386
-14.078
-14.7746
-14.2546
-14.43
-13.9415
-13.1283
-13.191
-14.7398
-17.025
-19.1865
-22.0102
-24.4543
-25.6784
-25.9843
-25.5977
-25.6406
-25.7333
-24.2063
-21.3179
-19.8443
-20.7661
-23.5452
-25.8473
-26.2098
-26.3442
-26.6359
-26.6222
-26.206
-25.623
-25.195
-25.3447
-26.917
-28.1955
-28.3745
-27.7171
-27.9704
-28.7053
-27.446
-25.4181
-25.3978
-27.3277
-28.5235
-28.0067
-28.5187
-30.4752
-31.4377
-30.963
-30.9327
-31.0696
-30.6335
-29.6705
-28.1104
-26.6426
-26.2989
-26.7208
-26.1997
-24.9417
-25.0418
-27.1174
-29.8086
-30.3434
-27.5257
-23.9015
-21.5189
-21.2401
-22.8124
-24.1142
-22.4348
-19.6655
-19.2152
-10.6238
2.60536
10.1528
14.7456
15.3723
13.7089
12.6108
14.5732
17.4756
18.8996
17.8822
15.781
14.8037
16.7194
18.4819
18.8708
17.6573
15.5576
13.8159
13.0973
12.3639
9.7774
5.41644
2.62118
2.22883
4.07551
7.26298
11.066
13.6688
13.6736
11.5895
8.50516
6.79172
6.60561
7.42799
7.17458
5.9159
4.0065
3.76064
4.6945
6.5403
8.39969
8.98188
6.90031
2.48054
-1.48125
-3.3002
-5.28822
-7.14251
-7.90275
-9.34539
-12.4387
-15.7653
-17.3532
-18.081
-18.3067
-17.65
-16.6705
-16.5071
-16.5207
-17.871
-21.1608
-25.951
-29.6268
-29.7354
-29.0544
-29.1042
-29.453
-29.7341
-29.5278
-27.3102
-24.5123
-23.7142
-25.3586
-27.8911
-28.1025
-25.9532
-24.0681
-24.171
-26.5968
-33.2041
-32.1249
-29.5033
-28.872
-30.8817
-33.6237
-33.68
-31.3437
-29.661
-29.4239
-30.2526
-31.4705
-32.0054
-29.9464
-27.2574
-26.9577
-29.6741
-33.3321
-33.7378
-32.3244
-31.4582
-31.3523
-31.4253
-30.9093
-29.8166
-28.7177
-28.2758
-28.5331
-28.2999
-26.5597
-24.9278
-24.9759
-26.9689
-29.8891
-29.8108
-25.8629
-21.9348
-22.6034
-23.7571
-10.2963
-10.5193
-3.51311
-1.25506
0.174492
1.77565
4.91064
8.02662
10.5458
12.4567
14.3828
14.3335
13.2583
12.0456
12.9614
14.7517
15.461
13.4955
9.26886
5.39734
3.38001
2.48332
3.43982
4.41255
5.02931
5.09054
4.61818
3.09263
1.18288
1.90207
3.59418
4.3362
2.9801
1.56042
1.32209
1.69152
-0.367539
-1.0072
2.47967
5.84745
6.34959
4.35475
1.33895
0.988194
2.54906
2.3032
-0.388046
-4.4196
-8.33481
-12.0251
-12.2952
-8.71143
-5.86077
-4.99756
-4.95678
-4.62727
-4.27513
-4.73725
-6.0363
-8.52492
-12.1363
-16.2695
-20.7084
-24.6908
-25.8379
-25.9027
-26.3876
-27.0425
-27.0368
-27.2797
-28.2879
-28.8803
-28.228
-28.0908
-29.6762
-31.5047
-31.6403
-31.3722
-31.4432
-30.3684
-29.4166
-30.6865
-33.297
-36.36
-39.5058
-41.2678
-40.2451
-38.5248
-36.7307
-34.7176
-33.4338
-33.0637
-31.6736
-29.5082
-28.9895
-30.9821
-34.0442
-34.8194
-32.4839
-29.1877
-26.866
-26.6133
-28.0808
-29.6673
-30.6105
-32.064
-33.4283
-32.8021
-31.2575
-30.2528
-30.6311
-33.1046
-37.7335
-40.3599
-35.0797
-28.654
-28.5059
-28.2261
-10.4566
-11.7654
-5.86897
-4.23984
-1.84127
5.16369
12.6227
17.6888
19.9095
19.0275
15.5944
10.7702
9.45475
9.95683
9.74715
7.67571
5.56818
4.78794
5.39467
6.34979
5.86242
3.32396
-0.219817
-4.65594
-6.57545
-6.24768
-5.13724
-4.67772
-5.67495
-4.2609
-2.11243
-0.552498
-0.905608
-0.896919
-1.61122
-2.36684
-5.38002
-7.12915
-5.35819
-2.58444
-2.49681
-3.43859
-4.55934
-4.17195
-3.48773
-4.25896
-7.04674
-12.0507
-18.1682
-23.4261
-25.7563
-24.8284
-22.9325
-19.746
-15.779
-13.3932
-12.7522
-13.6314
-14.482
-16.0849
-18.7751
-21.615
-24.0504
-26.1411
-25.7861
-21.7454
-18.0043
-16.9642
-17.7949
-17.0393
-14.4071
-13.6243
-16.2816
-22.5442
-30.9538
-37.1748
-40.5949
-41.0323
-38.5927
-37.9332
-35.878
-34.6266
-34.6099
-34.7278
-33.3048
-31.3102
-30.7139
-31.9079
-33.7598
-34.3438
-34.0155
-33.8146
-33.0919
-31.445
-30.6634
-31.7595
-33.5446
-33.8214
-33.2223
-33.3289
-34.1094
-34.4665
-33.8314
-32.9532
-32.3856
-32.1248
-32.4942
-33.4971
-34.0546
-32.9829
-31.642
-31.7441
-33.7181
-36.8476
-39.0914
-34.3888
-34.2954
-29.7871
-11.1376
-14.0624
-9.68935
-11.249
-13.8408
-12.8852
-8.07366
-2.892
1.77952
2.58345
2.59268
0.0183907
-2.49576
-4.33268
-3.27436
-1.96669
-1.23522
-1.85996
-3.05296
-4.4652
-7.84769
-11.3126
-12.0773
-14.4953
-18.4162
-20.6932
-18.281
-13.7898
-16.9776
-16.4554
-12.8082
-8.36013
-7.04865
-5.11675
-4.74306
-4.23158
-4.35665
-2.26182
-0.409118
-0.388926
-3.06447
-4.68696
-5.17874
-6.56278
-9.75953
-13.9099
-17.9376
-23.1004
-29.4106
-32.6426
-30.1882
-26.5248
-25.0644
-25.4942
-25.686
-25.5427
-25.9231
-30.0577
-33.2844
-34.9641
-35.6546
-33.9286
-31.3715
-29.2201
-25.9666
-21.207
-17.8433
-17.8197
-20.6798
-22.2152
-20.4879
-20.1332
-23.1429
-29.1217
-33.7852
-33.2251
-31.9339
-32.0248
-32.9365
-30.1955
-31.9943
-33.4066
-34.0537
-33.3748
-31.0245
-28.3292
-26.3326
-25.5665
-26.4247
-29.0237
-32.4312
-33.7012
-31.238
-29.1477
-30.1046
-34.1641
-38.0176
-37.3931
-34.9606
-32.5855
-31.0206
-30.8555
-32.1759
-33.643
-33.909
-33.2835
-33.098
-33.6048
-33.3481
-31.1935
-29.1912
-29.091
-30.5086
-32.1263
-32.941
-30.4658
-32.2237
-31.64
-12.073
-18.1608
-13.3064
-14.6738
-14.9563
-11.5185
-5.44319
-0.230682
3.14335
2.16052
-0.309643
-6.15472
-9.14793
-12.7571
-9.7716
-8.35709
-8.9529
-12.8258
-14.931
-12.3631
-11.7091
-11.8458
-10.4616
-11.4312
-14.3926
-18.0522
-18.0621
-14.1408
-14.5163
-12.3038
-9.39093
-6.40671
-6.67182
-7.1676
-10.2524
-11.4815
-11.5023
-7.54548
-5.1733
-5.01959
-7.29384
-8.02285
-8.0706
-9.63518
-13.587
-19.8226
-25.4841
-29.489
-32.0563
-32.3032
-32.5736
-33.5782
-34.5698
-34.2319
-33.8678
-35.444
-34.1359
-35.0863
-33.7019
-33.7195
-34.5912
-34.9086
-34.3296
-32.5637
-30.1932
-28.8256
-29.109
-31.6534
-35.9426
-39.0332
-39.9702
-38.9433
-37.0984
-35.6276
-34.3076
-33.0655
-32.5298
-32.8755
-33.2033
-34.0096
-35.1992
-36.8974
-37.7372
-38.3422
-39.0245
-38.2861
-35.8634
-33.8605
-32.9418
-32.2342
-31.5707
-31.5742
-32.2222
-33.4816
-36.0858
-40.3606
-43.8056
-43.0617
-38.2446
-32.9117
-28.9707
-27.2229
-26.8992
-26.0307
-23.9064
-22.4587
-22.8833
-24.8572
-27.6141
-30.7867
-34.2937
-36.6193
-36.9111
-35.8266
-34.0367
-29.9622
-31.351
-31.0993
-12.2874
-19.8952
-16.4133
-21.4266
-25.6707
-23.7483
-21.0491
-16.7656
-9.07423
-9.95448
-8.14446
-12.5555
-15.2881
-22.9629
-23.217
-25.6858
-22.2041
-25.1912
-24.2003
-17.556
-18.1859
-24.3638
-25.4184
-31.0243
-34.542
-36.0726
-26.9356
-18.0643
-27.0379
-34.7925
-31.779
-19.7141
-20.9794
-18.4297
-21.9632
-20.3297
-24.557
-24.8538
-24.7959
-21.5011
-25.2063
-23.8603
-24.8607
-25.623
-26.0155
-28.9442
-31.4255
-35.1037
-37.0102
-35.6454
-35.1436
-35.1147
-33.7146
-31.2542
-30.0779
-31.347
-31.8257
-33.9847
-33.2417
-31.6884
-31.0105
-32.0815
-34.0442
-32.6924
-29.6331
-28.9246
-30.2769
-32.2461
-33.3131
-33.5378
-34.5929
-36.7361
-38.631
-39.0986
-38.9053
-39.5812
-40.4682
-40.9932
-40.4809
-40.8499
-40.5362
-40.0227
-38.2897
-35.5586
-32.7718
-31.1794
-31.5362
-33.6215
-35.4906
-35.268
-34.2151
-33.3396
-32.6816
-32.6165
-33.5972
-34.8296
-35.382
-36.0202
-37.3273
-38.8286
-39.5627
-39.5244
-37.67
-33.2016
-28.5429
-26.0974
-26.1867
-28.1498
-30.682
-32.9876
-35.1753
-36.6486
-37.2843
-36.7819
-35.2699
-31.3072
-32.6023
-30.9743
-12.1949
-19.6806
-16.1524
-20.7325
-24.7965
-25.2421
-26.9817
-27.9971
-15.0795
-18.4584
-12.4366
-16.5664
-17.5715
-27.1298
-25.7239
-25.8033
-20.0881
-22.233
-25.5174
-20.8716
-22.7733
-29.768
-26.6383
-29.4683
-31.6408
-35.0541
-27.5447
-18.9565
-27.7466
-36.568
-36.855
-23.1213
-30.4106
-25.3229
-27.7583
-22.4983
-29.2057
-34.5096
-35.0051
-25.182
-28.4541
-25.9634
-27.1693
-29.6612
-31.4426
-36.7537
-38.146
-38.7278
-37.2451
-36.039
-36.4597
-36.5711
-37.34
-38.6243
-39.0867
-39.4406
-35.9499
-37.2449
-34.1045
-31.9538
-31.4338
-31.886
-31.0591
-26.4369
-22.397
-21.6251
-24.1577
-28.8302
-31.8754
-31.4343
-31.0279
-32.4147
-35.1353
-37.9909
-39.914
-40.7274
-40.2369
-38.4727
-36.6459
-25.753
-28.4409
-32.8121
-34.9654
-34.1763
-33.3524
-33.3225
-33.6462
-33.6635
-33.2507
-33.166
-34.2438
-36.118
-36.0658
-33.6574
-32.4147
-33.5025
-36.163
-39.2638
-41.7187
-40.8267
-38.3854
-37.4814
-37.5521
-36.9525
-35.6232
-34.5238
-34.3344
-35.3206
-36.8753
-37.8529
-37.4372
-35.9633
-34.2412
-33.0791
-32.5547
-30.3265
-31.827
-31.1699
-12.9336
-21.1075
-16.5774
-21.9182
-28.2561
-29.1553
-27.6326
-22.8798
-12.909
-15.2559
-11.5028
-16.4669
-17.1284
-24.386
-22.382
-22.5112
-19.4009
-22.8658
-26.6491
-21.2648
-23.0124
-30.1365
-26.9893
-30.4203
-32.1557
-33.7711
-26.6896
-18.6912
-28.0211
-33.2327
-30.2688
-20.8112
-26.8242
-24.3213
-28.4122
-23.1307
-30.3646
-32.2262
-29.7049
-23.2826
-27.581
-27.0095
-27.8776
-27.8003
-27.1516
-29.0926
-29.8716
-29.8158
-29.4112
-30.4226
-33.4091
-36.5069
-38.1826
-38.9097
-38.6311
-38.4607
-35.5498
-37.9037
-36.0165
-33.7875
-32.8397
-32.7824
-32.2292
-29.4887
-26.8891
-26.3385
-27.7957
-30.5477
-33.4196
-35.2376
-35.7106
-36.2563
-37.5633
-38.6311
-37.0996
-34.5397
-33.4825
-33.1595
-31.9903
-33.0238
-34.3445
-32.9624
-31.1289
-31.5946
-34.9187
-38.9432
-38.8405
-35.4926
-32.787
-31.9932
-32.9019
-34.1669
-33.5119
-31.9687
-32.1095
-34.5874
-37.4471
-36.8879
-34.2191
-32.4267
-32.5578
-34.1464
-35.7837
-35.703
-34.3112
-33.6582
-34.7615
-37.5009
-40.3509
-41.5431
-40.6732
-38.804
-37.5516
-37.8458
-38.4794
-33.9082
-34.0836
-31.0218
-11.9994
-18.1941
-14.3108
-18.2875
-23.1299
-24.7474
-25.7837
-25.6048
-14.9452
-18.6853
-13.0046
-16.4807
-16.8247
-24.7736
-22.8009
-22.1574
-17.6619
-19.6784
-22.7985
-19.4923
-22.4695
-29.1798
-28.1807
-31.7761
-30.7586
-28.3394
-22.8783
-16.1353
-18.4802
-16.4167
-13.377
-10.2402
-12.0403
-13.8001
-20.2781
-21.0359
-26.8939
-25.3127
-21.2958
-16.9862
-18.4472
-17.9224
-17.9675
-16.5536
-14.0966
-12.1965
-11.4653
-12.4965
-15.1516
-19.1726
-24.0022
-29.8322
-34.4996
-36.652
-35.1598
-33.8227
-31.6499
-33.5247
-34.7922
-36.3034
-37.1508
-36.3525
-35.3535
-34.5964
-34.1835
-33.8472
-33.1076
-33.0432
-34.323
-36.3235
-38.2169
-38.5613
-37.6416
-36.7652
-36.6503
-37.7488
-39.7125
-40.8599
-37.8779
-37.7686
-37.6175
-36.3424
-35.5073
-36.305
-38.2907
-39.2855
-38.2023
-36.9162
-36.22
-35.9272
-35.9189
-36.1363
-36.5816
-37.3019
-38.3639
-39.5863
-40.3132
-39.947
-39.0995
-38.8627
-39.3348
-40.1163
-39.9751
-38.5333
-37.5232
-38.1083
-39.6578
-40.2955
-40.2199
-41.2016
-43.4698
-44.8367
-43.8741
-43.2673
-43.0826
-36.5333
-37.5523
-29.1822
-10.0039
-10.3602
-6.79205
-8.91023
-13.2108
-17.0846
-17.8504
-16.0317
-10.3983
-12.7663
-10.1608
-13.2905
-11.327
-12.7509
-12.766
-15.9935
-17.1757
-22.3078
-26.4216
-20.3416
-22.2164
-29.5212
-28.5881
-34.0148
-35.045
-31.0202
-21.6715
-13.7763
-15.9839
-18.2736
-21.6226
-19.4664
-26.6861
-25.4426
-30.6435
-24.2344
-31.1299
-31.4953
-28.88
-22.5369
-26.1262
-23.7584
-21.8374
-18.005
-14.2437
-12.837
-13.3629
-15.3085
-17.5728
-20.2564
-24.411
-30.865
-38.5047
-40.9316
-38.1579
-36.6129
-34.2732
-37.4445
-37.6149
-37.7637
-38.9971
-41.3175
-44.0107
-45.411
-45.9101
-44.6708
-40.1617
-37.356
-37.1732
-38.1416
-39.5544
-40.5204
-40.7902
-40.9606
-41.682
-42.6965
-42.9368
-42.9677
-42.835
-42.0866
-43.2879
-44.0871
-45.4283
-47.5234
-48.5937
-48.0472
-47.0743
-46.537
-45.9425
-44.63
-43.1943
-42.9108
-44.5685
-47.709
-49.6657
-48.2257
-45.7708
-44.6274
-44.5043
-43.8097
-41.9239
-40.4748
-40.8285
-42.9395
-45.9132
-48.2828
-49.1743
-47.5085
-44.8252
-43.2643
-43.1156
-43.7912
-44.52
-45.2232
-44.4961
-36.6015
-38.9262
-32.7156
-11.6697
-14.9563
-10.6539
-12.4915
-15.1958
-15.319
-14.1144
-12.3033
-8.07155
-10.289
-8.72277
-12.4912
-14.2171
-24.4287
-26.2035
-27.3438
-21.3349
-25.4069
-30.2941
-22.1912
-24.4343
-34.6938
-30.3734
-35.8485
-40.2636
-41.8896
-27.6271
-17.9147
-25.2004
-31.9843
-34.1759
-22.7816
-32.699
-28.1912
-35.5715
-25.7041
-36.9834
-46.4292
-41.9453
-25.7846
-29.8548
-24.1896
-21.475
-19.2871
-18.1548
-19.43
-22.4586
-27.8965
-34.5098
-40.0834
-43.8419
-46.2086
-48.8159
-48.6721
-46.1676
-45.0852
-40.3733
-44.6842
-43.0436
-42.1021
-42.6043
-44.1569
-46.4859
-47.038
-46.7742
-46.2167
-43.5931
-42.1932
-43.2691
-44.9534
-46.5329
-48.0847
-49.2704
-49.5993
-48.6986
-47.5473
-46.3461
-45.2124
-44.1375
-43.8041
-46.3125
-48.736
-51.4723
-54.4659
-55.5367
-53.6757
-51.6497
-50.7402
-50.0568
-48.9965
-48.4407
-49.3417
-51.46
-53.1863
-53.8385
-54.3881
-54.3318
-52.6794
-50.3205
-47.7344
-45.5711
-44.9487
-46.5857
-50.2418
-53.743
-52.8664
-49.9023
-48.8577
-49.8283
-50.611
-49.6718
-49.4131
-50.7063
-50.877
-47.3112
-38.1296
-43.9352
-40.0501
-13.2936
-21.5165
-16.5959
-21.5267
-26.3346
-24.8768
-22.4854
-18.2738
-11.098
-14.1732
-11.8134
-16.9973
-19.1205
-33.8428
-32.6946
-33.53
-23.7567
-28.3826
-32.9485
-22.3987
-24.6062
-32.5244
-28.8484
-34.1945
-38.9671
-43.7162
-29.3329
-19.1635
-28.7526
-38.9408
-40.576
-24.1094
-36.7132
-29.8941
-37.042
-25.3273
-34.0169
-40.9078
-40.662
-26.8986
-33.0942
-29.0804
-28.9003
-29.1075
-30.2097
-35.7299
-38.5137
-40.1972
-40.8123
-41.9135
-45.4502
-48.6534
-51.0304
-52.3584
-50.1198
-49.0819
-41.8561
-47.4357
-45.2892
-43.8835
-43.7455
-44.3272
-45.652
-46.4646
-48.5861
-53.699
-53.9747
-50.6705
-50.8023
-49.3988
-48.9173
-50.1343
-52.5769
-54.0324
-53.5206
-53.0831
-52.7497
-52.4595
-52.2327
-55.5849
-57.7615
-61.2082
-65.1628
-66.9239
-66.9595
-66.0647
-64.277
-63.6462
-65.5371
-69.7077
-72.7317
-70.8033
-68.5415
-67.8153
-69.139
-71.4782
-72.0959
-70.2097
-68.4448
-67.6423
-68.2948
-70.5359
-73.2861
-74.2214
-73.9166
-75.1194
-77.6876
-80.3736
-79.6332
-76.6037
-74.2936
-73.3997
-72.6408
-71.6562
-62.9865
-42.0536
-57.5029
-44.6542
-13.2649
-22.5835
-17.8395
-25.0176
-34.6987
-34.2189
-38.0369
-35.6682
-16.516
-21.5728
-14.2937
-19.3236
-20.3794
-39.3346
-35.7005
-43.2828
-27.1807
-34.7877
-38.9567
-22.6528
-23.9944
-31.838
-28.4694
-34.2609
-39.3847
-44.6376
-29.9951
-19.3772
-29.9899
-44.5285
-46.0858
-24.4831
-38.115
-29.8513
-36.9631
-25.2463
-34.1006
-42.3486
-42.3804
-27.3888
-35.7288
-32.2188
-33.5128
-34.1853
-34.3862
-42.3052
-44.8648
-47.5524
-48.8464
-49.1849
-52.0151
-54.1971
-60.1289
-70.0261
-60.88
-59.2069
-45.1722
-62.1992
-64.0651
-59.3569
-53.3515
-49.7886
-50.8539
-52.5681
-54.4562
-66.6333
-68.8026
-61.8181
-69.1359
-71.151
-72.5837
-73.1006
-70.3974
-68.4263
-67.9596
-70.8261
-73.2534
-74.4505
-70.1376
-95.8658
-101.04
-97.2533
-99.1234
-98.8269
-95.0019
-97.966
-99.8527
-102.178
-104.881
-104.089
-104.809
-98.8977
-104.722
-103.354
-104.067
-102.593
-101.821
-99.1382
-99.8837
-101.259
-101.278
-105.597
-106.32
-105.661
-102.95
-108.328
-103.765
-101.765
-99.1094
-100.226
-100.72
-102.937
-103.508
-103.706
-66.7913
-42.0861
-64.713
-47.5003
-13.0735
-23.3194
-18.5184
-27.7884
-52.809
-42.7844
-63.5789
-57.0933
-17.4203
-23.1345
-14.6229
-19.8837
-20.6496
-46.8583
-38.9036
-56.9794
-28.5662
-41.368
-81.9639
-23.7356
-25.7354
-38.5672
-32.564
-41.5172
-49.8732
-66.7653
-31.246
-19.6017
-31.2833
-61.3198
-58.3695
-24.5815
-38.8125
-30.1185
-39.5218
-26.1603
-38.5741
-86.1004
-69.121
-29.2118
-51.2729
-43.3525
-52.5164
-50.423
-43.2336
-69.8285
-58.5474
-63.6185
-63.4383
-58.6362
-61.9233
-61.01
-66.8229
-99.5796
-64.1484
-62.7624
-45.7937
-70.9085
-79.7063
-89.2582
-75.854
-67.8418
-84.9708
-67.1319
-60.7941
-93.6628
-83.8463
-65.8509
-78.7188
-80.5886
-82.864
-93.7344
-103.128
-95.9948
-82.9299
-87.8237
-87.4232
-100.798
-86.3789
