6902
4675
4560
4149
4354
4469
5317
6118
3685
4150
4173
3987
3775
4512
4120
4132
3667
3970
14789
3692
3656
3644
4099
4777
4205
4156
4135
4043
4497
4052
4208
4424
4370
4391
4176
4107
3810
3703
5638
16680
4221
4147
3751
3885
3963
3925
4151
3615
3913
5013
8373
3737
4220
4244
3858
4085
4017
3683
3647
3978
4052
12772
4120
4072
3805
3979
4245
4388
4188
3799
3829
3976
7473
4669
4186
4186
4257
4014
4109
3958
8849
3877
4020
8314
3682
3911
3833
3557
4252
4007
4403
4029
4384
6747
4203
3820
4497
4148
3749
3742
