4538
3959
3561
4038
3219
3826
3573
3635
3674
3656
3290
3420
6468
4681
3970
3307
3706
3790
4167
3390
3948
3247
3793
4476
10124
4413
3581
3259
3308
3642
4829
3234
4286
3785
3906
4178
3145
3180
3250
3369
3911
4223
3734
3392
3841
3945
4444
4660
4749
3262
3560
3336
3333
4520
4069
3261
3551
3606
3333
3869
5234
4450
4271
3805
3342
3838
3395
3738
3817
3622
3451
15587
4330
3388
3302
4190
3369
3666
3592
3688
3759
3647
3676
3129
3685
3355
3884
4254
3838
3313
3791
3402
3695
3742
3829
3347
3555
3385
3397
3575
