1561
1484
1449
1588
1550
1520
1505
1485
1482
1470
1463
1456
1453
1450
1444
1438
1434
1432
1428
1426
1420
1416
1416
1414
1412
1408
1408
1407
1405
1404
1403
1408
1407
1405
1422
1421
1424
1423
1421
1420
1431
1429
1427
1426
1422
1424
1423
1421
1420
1417
1417
1417
1425
1425
1424
1423
1423
1422
1421
1432
1431
1430
1430
1429
1428
1428
1427
1424
1423
1423
1421
1421
1421
1420
1420
1419
1418
1418
1418
1418
1418
1418
1416
1415
1415
1415
1414
1412
1411
1411
1431
1434
1434
1434
1434
1434
1432
1432
1432
1436
