6688
5900
6412
6391
6228
5993
5157
5358
5880
6332
5674
6035
5688
8402
5522
5440
6117
6162
6276
15984
5878
5574
6950
5958
6070
5715
6151
5843
5927
9713
5718
5867
6019
5861
5742
6401
6034
6035
5958
6019
15956
5571
6074
6043
6049
5775
5964
6034
6095
5569
13746
6063
5855
5550
6005
6108
5963
5912
5871
6142
5779
5995
5987
5895
5902
5816
5929
5607
5804
6046
12757
6632
5933
5935
6592
6054
6117
5722
5562
5839
15591
6132
6524
6514
5916
5676
5815
5678
6288
6143
11293
6864
6141
5560
5907
6114
6154
6081
6509
5100
