1563
1467
1426
1487
1463
1442
1433
1422
1425
1426
1422
1418
1413
1410
1411
1410
1408
1408
1408
1407
1405
1404
1403
1401
1400
1399
1398
1401
1402
1401
1401
1403
1403
1401
1402
1400
1399
1397
1396
1398
1398
1396
1396
1411
1411
1411
1410
1408
1421
1420
1419
1416
1417
1426
1426
1426
1424
1424
1427
1426
1424
1424
1422
1423
1422
1421
1418
1418
1419
1418
1416
1416
1415
1415
1415
1415
1413
1421
1419
1418
1418
1418
1423
1423
1423
1422
1420
1427
1427
1425
1424
1424
1430
1430
1428
1427
1426
1425
1425
1425
